0,755,2198
370,919,2133,2684
371,756,1830,2783
1,1102,1901,2606
2,1235,1902,2676
372,1278,1529,2823
3,757,2237,2999
4,1125,1903,2828
5,856,1781,2685
373,1154,2210,2435
374,1155,1631,2710
375,1156,1981,2630
6,875,2223,2686
7,1027,1982,2278
376,1168,1757,2279
377,1038,2231,2280
8,1157,1600,2640
9,1250,2204,2687
378,1384,1904,2384
379,758,1921,2793
10,759,2258,2611
11,1233,1530,2364
380,760,1821,2569
381,1158,1548,2537
12,900,2168,2281
382,761,1885,2418
13,959,2110,2282
383,834,2283
14,1159,2651
384,762,1592,2514
385,1343,1905,2956
386,1230,1789,2284
15,763,1896,2361
387,1415,1842
388,1521,1986,2285
389,764,1578,2987
16,1516,1531,2326
390,986,1532,2484
17,1399,1975,2688
18,991,1533,2437
19,880,1534,2877
391,1283,1906,2589
20,1105,1953,2286
21,810,1960,2287
392,905,2080,2288
393,1321,1907,2296
394,1080,1535,2566
22,1018,2050
395,765,1914,2961
965,2289
23,1392,1536,2943
396,1373,1537,3052
397,1160,1639,2693
398,992,2211,2290
399,1345,1635,2689
1161,2467
24,813,1989,2291
400,1079,1673,2292
25,1162,2018,3016
26,1445,1947,2293
401,1188,1538,3010
27,889,1539,2428
402,1425,2034,2294
28,1151,1805,2690
29,766,2203,2322
30,1163,1570,2405
31,999,2227,2691
403,1771
32,767,2006,3025
1020,2616
33,836,1908,2323
404,1026,1733,2692
34,1065,1540,2935
405,1164,1794,2363
35,1165,1544,2668
406,1166,1563,2913
407,899,1541,2860
36,1381,1909,2751
408,818,1542,2869
37,1174,1572,2295
38,1127,1543,2534
39,768,2091,2775
409,769,1880,2529
1167,2396
40,1357,1910,2976
41,1457,2220,2297
410,1208,1911,3020
411,770,1725,2486
42,1612,2810
412,812,1545,2804
413,1282,2166,2298
43,1169,1884,2558
414,1414,2243,2299
44,1170,2269,2480
45,1171,1719,2398
46,1172,1917,2598
47,1173,1734,2560
415,1407,1912,2670
48,1175,1882,3022
49,771,2216,2865
416,1499,1913,2507
417,772,2041,2576
50,773,2076,2822
418,1747
51,858,1546,3009
1015,2906
419,816,1877,2300
52,774,2194,2402
420,1176,1569,3004
421,939,1547,2912
422,964,1954,2695
423,1216,1746,2696
424,1500,1632,2301
425,1177,1868,2362
426,1442,2007,2697
53,1267,1915,2727
427,1013,1618,2302
428,1549
54,1305,2088,2698
55,775,1694,2785
56,1430,1550,2344
429,1178,1927,2797
57,1217,1916,2617
58,1075,1610,2303
59,776,1692,2609
430,890,1731,2699
431,1207,1630,2700
432,794,1957,2304
433,777,1775,2773
60,1325,2249,2701
434,1179,1865,2881
61,1354,2106,2305
62,1180,1564,2568
435,874,1994,2702
436,1287,2266,2703
437,1280,1641,2306
438,1011,1918,2601
439,1323,1919,2476
440,1360,1807,2307
63,1092,2094,2308
64,915,2187,2309
441,795,2242,2704
442,1103,1551
65,1249,1920,2725
66,892,1552,2713
443,778,2206,2502
444,779,1634,2890
445,780,1831,2454
67,1295,1553,2784
446,781,1686,2740
447,1333,1689,2310
448,782,1961,2465
449,833,1922,2509
450,1243,1606,2705
68,1495,1923,2627
783,2371
451,1402,1744,2706
69,1181,1664,2339
70,1396,1554,2996
71,1097,1676,2707
784,2420
72,1209,1924,2511
452,785,2084,2602
73,1514,1861
453,1260,1555,2587
74,1119,1925,3028
75,786,1862,2897
454,1286,1654
76,1182,1817,2367
77,809,2129,2311
78,801,1657,2312
79,791,2062,2313
80,1132,2236,2314
455,787,1860,2438
456,1066,1556,2802
457,1131,2244,2315
458,1351,1926,2519
81,1376,2274,2708
459,1526,1696,2709
460,1183,1604,2780
461,788,2092,2988
82,789,1835,2644
83,934,1928,2634
462,1184,2100,2648
463,1348,1557,2354
84,1185,2093,2970
464,790,1784,2859
85,1290,1929,2356
86,1493,1558,2500
88,1434,1559,2441
89,1186,2053,2875
465,1141,2153,2316
466,1187,1723,2474
90,792,2068,2450
91,947,1560,2470
467,1261,1561
468,1525,2085,2317
92,1302,1863,2318
93,811,2222,2711
469,1019,2268,2319
94,853,1931,2899
470,793,1979,2812
95,1508,1932,2746
96,957,1562,3048
97,1335,1851,2320
471,1189,2151,2803
98,1408,1933,2327
472,1007,1586,2712
473,1041,1934,2919
474,955,1609,2321
475,1136,1935,2483
99,1257,1812,2714
476,841,1936,2613
100,796,1832,2876
477,1190,1825,2516
101,1191,2119,2340
102,1192,1791,2674
478,1372,1937,2930
479,1374,1938,2867
480,1193,1638,3024
103,989,1685,2715
104,1053,1565,2567
105,1344,1566
481,1482,1939,2779
482,1008,1940,2411
106,1130,2116,2325
107,1042,1941,2373
108,1485,1977,2716
109,1194,1816,2378
483,1315,1942,2931
484,1371,1943,2939
485,1422,1567,2375
110,797,2072,2431
486,798,2134
111,1211,1944,2981
487,2045,2917
112,799,2097,2575
113,1310,2165,2717
488,1276,1823,2718
114,1289,2127,2719
115,1225,2059,2720
116,988,1568,2426
489,1195,2030,2346
117,1036,1571,2498
490,800,2135,2539
118,1210,1945,2835
491,1509,1946,2965
492,878,1732,2721
493,1196,1738,2754
494,1238,2003,2722
495,1197,2273,3013
496,1713
119,1220,1948,2479
120,1237,1949,2743
970,2385
497,1047,1950,2884
1334,2723
498,1148,2054,2724
499,1951
121,1293,1952,2732
500,1126,2147,2328
501,802,2113,2778
502,803,2060,2506
503,1382,1633,2329
504,1461,1810,2726
122,804,2137,2796
123,817,2031,2728
505,1199,2225,2809
926,2330
124,1200,1828,2631
125,840,1573,2656
506,1424,2099,2729
507,805,1818,2337
126,1201,1749,2960
508,1507,1997,2331
509,1202,1679,2910
510,1262,2028,2332
127,1084,2046,2333
128,806,1690,2745
129,1389,1955,2621
130,807,2259,2583
511,1497,1574,2974
131,888,1584,2334
512,1322,1956,3038
132,808,2061,2416
133,1256,2179,2730
513,1518,1958,2817
134,1051,1575,2472
514,1240,1579,2731
515,1203,1672,2352
516,814,1576,2353
517,1349,2136,2335
135,1385,1577,2739
518,901,1844,2733
519,1101,1959,2407
520,1204,1829,2413
521,1205,1605,2983
522,1107,1804,2336
523,1438,2197,2734
136,897,1962,2968
524,2079
525,845,1963,2741
137,1100,2123,2338
138,1206,1778,2811
139,1137,2069,2341
140,954,2230,2342
141,1517,1580,2570
527,866,2089,2343
826,2345
142,879,1742,2736
143,1108,1581,3002
528,1412,1582,2392
144,925,1964,2590
529,1317,1965,2838
530,911,1966,2573
531,907,2173,2737
145,1358,1967,2753
1212,3037
532,1488,2029,2347
533,1076,1583,2637
534,1296,1701,2738
146,896,2126,2348
535,1393,2115,2349
147,1070,1806,2350
952,3026
1048,2907
536,1263,1585,2556
148,1239,1968,2436
149,1052,1969,2750
150,1144,1970,2593
151,1112,1625,2351
537,1049,1587
538,1366,1971,2499
539,1273,1588,2400
152,819,1621,2829
540,1045,1972,2900
153,1227,1589,2423
541,1214,2207,2404
154,1222,1590,2376
542,1215,2276,2607
155,820,1608,2748
543,1056,1973,2525
544,1361,1591,2473
278,1292,1593,3033
156,821,1735,2742
545,1405,1594,2443
546,1446,1595,2789
157,1146,1974,2659
547,1451,1596,2464
548,822,1652,2991
549,823,2264,2452
158,1229,1597,2826
550,824,1615,2421
551,825,1845,2887
159,923,2037,2744
160,1329,1598,2578
552,960,1599,3008
161,1356,2251,2355
553,1218,2015,2994
162,1219,2142,2544
554,827,2212,2595
163,828,1682,2878
164,1976
165,829,1850,2966
166,830,2158,2663
167,831,1616,2462
555,1458,1716,2747
168,1467,1978,2851
556,953,1601,2997
169,1359,1602,2368
1134,2962
170,1221,2033,2554
171,860,1980
1139,2749
172,832,2010,2818
557,1479,1603,2940
558,835,2219,2998
173,1259,1983,2819
559,837,1756,2588
560,1223,2056,3015
87,1930
174,1145,1984,3006
561,1098,1691,2358
175,1364,1985,2386
562,1246,1617
176,1224,2275,2672
177,1394,2139,2752
563,838,1792,2764
178,1418,1990,2359
564,839,1796,2837
565,1074,1987,2580
179,1740,2360
566,1226,2049,2487
180,842,1900,2541
567,1400,1607,2495
568,1228,1773,2795
181,983,1988,2456
182,1431,2159,2755
569,1353,1611,2901
183,1231,1712,2972
184,1232,2246,2763
185,1234,1695,2915
186,843,2038,2955
570,958,1991,2445
571,869,1793,2365
572,1009,1992,2993
187,844,2200,2482
188,1501,1993,2492
189,1326,2156,2366
573,846,2090,2914
574,847,2021,2678
190,1236,2064,2824
191,849,1613,2381
575,1086,1614,2460
576,1271,2070,2756
192,1316,2025,2757
577,924,1799,2369
193,1502,1629,2370
578,1491,1766,2758
194,1346,1647,2372
579,848,2005,2517
580,1241,2026,2549
581,1242,1814,2633
582,876,1893,2759
195,871,1995,2641
196,1362,1870,2760
583,1490,1770,2761
584,1475,1892,2374
585,933,1996,2886
586,850,2036,3051
587,935,2247,2377
588,1403,1998,2653
197,851,2086,2918
589,1244,2163,2488
852,2512
590,1050,2144,2762
591,1245,1846,2896
198,1067,1650,2379
199,930,1999,2989
592,1247,2027,2548
200,1661,2765
593,1478,1619,2496
594,854,1889,2409
940,2766
201,1398,1620,2905
202,863,2000,2682
1480,2382
595,1251,2215,2767
203,906,2001,2909
204,865,2002,2895
596,902,2255,2383
597,855,1688,2832
205,1455,1819,2768
206,1248,2143,2662
207,1419,1622,3011
598,1128,1623,2911
208,1432,1873,2769
209,1138,1624,2425
1369,2636
599,1078,2004,2885
210,857,1681,2848
600,1440,1626,2527
211,1252,1847,2924
601,956,2252,2770
602,1503,2013,2771
603,1253,2043,2978
604,1496,1642,2387
212,1099,1890,2772
605,1254,2098,3042
213,981,2008,2646
214,1456,2009
215,1091,2012,2774
606,859,2277,2959
216,1284,1627,2800
217,994,1628,2538
607,861,1730,2629
608,1477,1707,2388
218,1031,2208
219,1255,1767,2883
220,862,1774,2831
221,864,1765,2986
222,1258,2233,2855
223,1443,2262,2776
609,1347,2122,2389
224,1447,2011,2592
610,1279,1875,2777
225,1413,1843,2390
611,867,1802,2391
612,1044,1867,2393
226,1464,2014,2531
613,868,1645,2647
614,1264,2232,3005
227,870,2112,2853
228,1265,1748,2834
229,1266,1671,2489
230,982,1772,2394
615,1129,1755,2781
231,1338,1853,2782
232,872,2063,2882
233,1121,1768,2395
234,976,2016,2945
616,873,2051,2786
235,887,2017,2458
236,1058,1869,2397
237,1513,1667,2399
238,877,2058,3012
239,1268,1836,2572
240,1133,2019,2577
617,1046,2020,2807
241,1269,2180,2916
618,881,2162,3029
242,1017,2253,2787
243,1083,2114,2788
619,1285,2022,2866
620,936,2024,2403
245,1270,2104,2874
246,882,1665,3027
247,1388,1636,2995
248,1505,2195,2790
883,2952
249,961,2023,2490
621,884,1674,2673
250,1294,1886,2406
622,1462,1815,2408
623,885,2065,2975
252,1492,1783,2791
253,1390,1637,2508
624,1469,2174,2410
254,1272,2183,2946
255,886,1745,2459
625,1000,2117,2412
256,1307,1866,2792
626,1274,1655,2599
627,1275,1801,2805
257,2032
628,1277,1751,2604
258,1115,2182,2414
259,1428,1640,2868
260,998,2145,2794
629,891,1727
261,1494,1737,2415
630,1029,2035,2827
631,1506,1646,2417
262,893,1859,2870
263,1489,1643
264,1460,1644,2552
632,894,2169,2977
633,929,2150,2798
634,1281,2201,2536
265,1387,1833,2799
266,1484,2248,2419
267,1081,1743,2801
268,895,2066,3000
635,922,1648,3041
269,967,1649,2591
270,1476,2039,2944
636,1429,1663,2806
637,944,1651,2948
271,898,2240,2932
251,2422
272,979,2267,2424
273,977,2040,2594
274,1459,1653,2953
638,1288,1710,2619
639,1039,2042,2683
640,903,2128,2820
641,904,1736,2649
275,1082,2044,2610
642,941,1656,2982
276,1409,2245,2808
643,908,2501
644,1523,1658
277,1088,2047,2632
645,1291,1897
279,909,1826,2571
646,1061,1659,2933
280,920,1668,2427
647,1515,1660,2984
648,910,1763,3040
649,1404,2103,2429
281,932,2184,2430
1337,2432
282,1341,1697,2433
650,1355,1722,2813
651,1297,1759
652,980,1699,2434
283,1522,1662,3023
284,1298,1787,2532
653,1331,2048,2667
285,1299,1666,3039
286,912,1822,2816
654,1059,2188,2814
655,913,1750,2638
656,1068,1790,2815
657,914,1798,2902
658,1300,2125,2481
659,916,2095,2553
660,1301,2087,2624
287,1303,2191,2469
661,1304,1888,2596
288,917,1711,2871
289,1319,2052,2550
290,1153,2154,2439
662,1034,2121,2440
291,918,1834
292,1306,1879,2843
293,984,1669,2562
1308,2453
294,1309,2078,2990
663,951,2190,2821
295,1391,2124,2442
296,1350,2272
297,1311,1718,2559
664,1342,2055,2655
665,1367,1670,3046
666,921,2141,2608
1312,3014
1147,2825
298,1064,1777,2830
667,1069,2057,2971
299,1313,1717,2880
668,1314,1693,2893
300,1062,1675,2992
669,1395,1677,2546
301,1444,2229,2833
302,1095,1898,2447
303,1318,2109,2528
670,1474,2096,2836
671,1117,2107,2448
304,927,1797,3043
672,1441,2160,2449
305,972,1678,2635
673,928,2152,2847
674,1320,2157,2491
307,1423,2067,2650
308,1486,1680,2565
675,931,1754,2542
676,1481,2177,2839
677,1397,1899,2451
309,1448,1683,2857
310,993,2071,2938
311,1324,1841,2622
312,937,2178,2872
678,948,1684,2681
313,1327,1803,2891
314,1473,2170,2841
679,1328,1739,2903
315,938,1849,3045
306,1437,2842
316,1001,2073,2929
317,1114,1871,2844
680,971,1795,2845
681,990,1687,2898
682,963,1776,2846
318,1436,2074,2614
319,1012,2075,2639
683,1363,2077,2520
684,1033,2189,2455
320,942,1857,3050
685,1330,2105,3047
686,1073,1872,2457
687,943,2138,2862
321,945,2254,2628
688,946,1838,2879
322,1386,2270,2461
689,1332,1785,2937
323,1468,2081,2623
324,949,1700,2908
325,950,1839,2926
326,987,2082,2925
690,1142,2132
327,1519,1878
244,1339,1698
328,1022,1704,2463
691,1454,2235,2850
329,1470,1702,2947
692,1336,2176,2574
693,1124,1703,2561
1368,2466
330,1528,1824,2852
694,1439,2083,2894
695,1035
739,1025,1705,3017
696,1106,1706,2625
697,1021,1708,2967
331,1340,2199,2979
332,1055,2172,2854
698,1450,2250,2856
333,1014,1709,2521
699,1135,1811,2858
700,1094,1881,2471
334,962,2148,2626
335,1002,1726,2861
701,1370,1848,2475
336,966,2155,2557
337,1072,1752,2863
338,968,1855,3044
702,1109,2193,2477
703,969,2131,2951
704,1089,1720,2864
339,1028,1714,2957
340,1520,1715,2658
705,973,2196,2963
706,974,2164,2555
707,975,2271,2522
341,1043,2221,2485
708,978,2101,2969
709,1352,2234,2642
342,1077,1721,2526
343,1054,1724,2661
344,1510,2263,2494
710,1150,1813,2497
985,2584
1365,2612
711,1375,1887,2503
345,1417,2102,3021
712,1426,1808,2505
713,1728
714,1504,1729,2603
346,995,1876,2618
715,1143,2108,2679
347,996,2175,2563
716,1449,2224,2513
717,1416,2140,2888
718,997,2226,2950
348,1512,1760,2889
349,1060,2111,3007
719,1406,2167,2518
720,1420,1741,3018
721,1003,1769,2581
722,1463,1895,2904
723,1004,1891,3032
724,1016,2118,3001
725,1378,2181,2523
726,1800,2524
727,1377,2171,2530
350,1005,2261,2934
728,1006,1761,2643
729,1379,2260,2949
730,1380,2186,2586
731,1140,2120,2597
732,1085,1837,2533
351,1383,2161,2927
733,1010,1779,2921
734,1498,1786,2535
735,1057,1753,2645
736,1037,1758,2936
352,1410,2149,2540
353,1120,2130,2547
737,1483,2256,2545
738,1023,2228,2664
526,815,2920
740,1487,1762
354,1093,2209,2922
355,1524,2265,2923
356,1411,1764,3003
741,1030,2214,2585
357,1149,2146,2669
358,1032,1827,2600
742,1452,1864,2928
743,1401,2202,2620
1040,2660
359,1453,1780,2942
744,1123,1782,2964
360,1063,2185,2941
361,1116,1788,2582
362,1421,2192,2980
363,1096,2238,2579
364,1427,1820,2675
365,2218
745,1433,1883,2958
1435,2680
366,1118,1809,2654
1071,3031
367,1472,2217,2605
746,1152,2205,2973
747,1087,2241,3019
748,1466,1858,2652
749,1090,1856,3036
368,1471,1874,2671
750,1511,2239,2615
751,1110,1840,2665
752,1527,1852,2677
369,1113,1854,3030
753,1111,1894,3053
754,1122,2257,3035
