3827,10828
3318,6932,10858,11686,16484
3828,10747
2717,3829,8656,14490,16356
3830,8514,12167
3025,5446,11530,15549
6525,9294,13159,15550
13804,15551
31,6418,11687,16457
1770,5520,8972,11689,17651
0,6875,17572
1112,15553
1,4931,9712,13516
579,5112,7761,15417,18637
2,6677,12487,19312
3,4655,10908
1323,3832,16357
6170,7762
2639,3834,13778,18314
1955,5211,10028,12414,15554
7368,8098,11691
3835,10916
10622,12293,15555
8289,11692,18941
13581,15556
187,4858,7763
11693,17583
403,3838,9417,14631
3717,3839,11539,15580
7764,13259,17502
1355,3840,9570,12825,18811
3841,11488
8,6203,8769,14681,16123
10115,13310,15557
10,5480,18354
1143,7326,10781,14002,15558
11,7146,10823,16592
3172,6374,7765,16370
4805,7959,11695
421,4289,9443,12253,15560
2357,3842,10831,13265,17915
8505,13040,15563
12,17995
6874,7766
3611,15564
7767,12121,16871
13,5374,8589,14620,19214
2441,6504,7768
14,12940,18147
468,3844,19017
3445,3845,10435,14758,17200
11421,15349,15565
7279,7769
3846,11017
15,7491
947,5730,10743,13081,15566
7423,7770
11698,18597
3249,3847,9640,12912,18330
16,9896,15436,17120
3848,8185
3591,4623,10195,11699,16195
2661,3849,17619
6982,7772
2236,7123,9888,11701,16746
17,7589,9524,17226
18,6692,15571
8197,11703
350,11704,17053
2922,4802,15567
671,3850,9029,13897,17716
7774,13934
1092,3851,9854,12916,17579
19,4193,10879,12625,17849
3332,3853,10926
20,5789,11312,13914,18511
4001,7775,13562,18022
6119,7776
1251,7118,11706,16863
1453,7267,9032,12481,15568
7777,13262,17881
11707,18786
21,5026,11564,12412,16801
5833,10712,11709
147,3854,11267,13483
22,8867,13108,16260
2480,3855,10119,15336,17135
2194,7657,9963,13236,15570
11710,16972
73,5202,9515,11711,18268
405,3856,10241
3685,5390,7779,14424,15656
3858,11176
24,6055,14714,15715
25,15714
2665,3859,10091
26,7758,16574
506,6167,15572
6153,10700,11713,16771
27,17652
8272,14195,15573
11410,11715,15712
4313,7780,12802
7781,14215
1832,4522,10571,11716,19249
678,3861,8946,12335,17319
5784,7782
709,4750,9964,11717,18199
29,4779,11544,13709,15664
3862,8110
2710,3863,10572,12609,15883
2125,3864
5855,10760,11718
3865,9684
330,3866,11685,14945,15692
3599,15576
3688,5427,15577
14654,15578
2107,3867,17110
7783,11970
32,6832,10456
2649,3868
1290,3869,17392
3870,8225,15302
2015,14985,15579
1580,3871
33,6292
14563,15581
11719,15795
2361,15582
7373,7784
7785,12563
2599,4143,7786,13694,19200
3810,3872,12289,18486
2167,6522,11603,13970,15583
250,3873
298,15584
2275,7726,8910,11721
34,12944,18001
1357,10143,11722,19314
2990,8715,13752,15585
10081,11723
976,7787,12619,18112
36,16196
3444,3875
37,3949,9528,16217
1040,5505,7789,14317,16802
38,18075
13179,15590
39,5270
15036,15591
3254,4605,11216,12012,15592
2123,11322,11725,16763
40,5905
41,5360,11413,13790,17240
268,6028,11726,19335
3877,10939,13419
3669,8229,14301,15593
11727,16468
2804,4498,11175,11728,18054
6009,7791,12598
417,15595
7792,12436,18308
11729,17988
7793,13494
2431,3879,11303
42,7345
15455,15597
3880,10210,15332
3671,6136,7796,13217,18166
7513,8093,11731
7797,13065
3567,3881
2786,3882
925,3883,8878,13765,17202
7798,14823,19120
1477,10239,12645,15600
3395,4186,7799,15073,18897
1317,6348,11732,16876
658,7800,15514,18801
2832,8672,11734,17969
3885,8979
2103,5842,7801,15401,18758
7802,14274
2141,15601
2586,15602
7355,7803
430,15603
43,6211,9116,15472,18256
775,4752,9051,11735,18165
2546,4548,9206,14009,15604
507,7240,15006,15605
44,7283
4402,7806
45,7395,9202,14008,18638
2663,6802,10647,13402,15606
15091,15607
7808,14440
4297,7809,15147
7810,12557,18569
3723,7833,12657,15608
517,3985,9086,15209,15609
46,6954,8720,15290,16529
4508,7811
47,13710,17910
3888,9760
3357,3889,8447,13090,16532
48,5721,9496,15339,17894
5426,7812
3355,7637,7813,12320,17295
7814,12735
7815,11922,19049
2295,5600,8148,11737,16855
2919,4994,7816,14286
1838,4002,9380,12226,15610
1504,6572,11261,12769,15611
2536,7028,9581,14037,15612
3677,3892
7818,14861
3893,10574,15236
5835,7819,14053,18646
50,17700
3072,4560,7820,13994,17324
3403,4419,7821,15207
51,12546,18610
52,7675
2925,5152,7822
295,7069,15614
1460,15615
1950,7519,7823,12945
6411,10872,11740
1960,15616
53,16174
922,7679,10074,11741,16540
11742,16265
12808,15617
56,4937,10039
2974,6456,8932,11743,18584
11326,11745
9212,15164,15618
10291,11746,17761
2527,11674,11747,16869
6759,8180,11748
7824,12111
7825,13311
1256,4308,8690,15265,15619
565,5604,7826,12611,15806
58,4045,15921
7827,14892
5272,10120,11749
1208,3897,9161,13021,18126
59,7280,13335,18957
4500,7828
7535,7829,13650
60,5299,7840
490,3898,10284,18906
1471,5334,11537,11750,15859
7635,7830
61,5642
9787,11751
1744,7179,7831,14119,17214
3899,11256,13151
3153,3900,11211
6442,7832
7997,11753
1785,3902,15234,19251
637,15621
1585,5054,7834,17829
2321,15622
7835,15520
2479,6189,10211,12782,15623
3903,9246
736,5262,9317,11755
64,5727
3484,7552,7836,13372,16586
14827,15624
3905,11019
3906,9227
642,3907,8393,18316
2563,3908
65,4483,10485,14751,18561
1906,7191,8908,11758,17892
3942,7837
3910,8043
2519,7109,9848,12283,15626
66,5822
67,16783
3912,9293,13942
1546,3914
3915,10787,13407
139,4745,15627
5345,7838,14580
3916,10117
69,4176
6467,7839,12297,18253
9856,11759,17777
3917,8799
8271,11760
3918,9704
3224,6971,15629
3919,10287
8626,11762
70,6836,9850,15432,18442
11763,17153
2322,6262,7841
1393,5902,11093,11764,16287
3920,9934
1883,7459,10475,14005,15630
635,3921,9368
995,7132,7842,12765
5428,7843
7380,9961,11765
11766,18682
9003,11767
72,17773
10029,11768,18251
74,8917,11890,15812
75,17387
970,4003,7845,11863,17578
3923,8394,13300,18407
2273,3924,11627,15897
2629,3925,10685,19114
7847,15314
2142,3926
14168,15631
76,7036,9541
77,16898
78,11481,14239,16659
2883,8122,11771,15909
3757,3927,10758,15121,17217
3386,15633
2734,7495,7848
80,7017
2203,3929,9072,15490
81,5151,10315,12704,18216
7534,7849
3175,14174,15636
5706,11354,11776
85,3958
2946,7641,7850,15261
7851,11866
3086,3930
87,4946
1198,6255,7852
1886,7691,11206,11796,15637
8848,11779
4385,10772,13686,15638
698,4008,12819,15639
3932,11166,13109,16710
12978,15640
3933,8679
3934,9958
2566,13049,15641
9187,11782
5517,7856
3936,9900
7858,11964
90,4480,17276
112,5530,7859,14611
11783,17541
3116,11784,17347
5993,10136,11785
91,6699,17525
3265,15642
5759,7860,12647
3135,5613,9610,15150,15643
7444,7861,14366
2741,3938,8554,17664
1736,3939,10311
9226,14386,15644
13229,15645
7862,12743
94,18546
95,4087,10753
3941,9066
232,4030,11664,11786,19284
96,19294
11787,17309
97,7100,8329,13332
98,6992,8751,18866
3429,4239,8499,11788,17042
99,11871,16911
2395,7049,7863
2381,4405,11581,11789,15816
2442,4829,7864,14321,17708
7865,14462
100,7041,17905
9913,11790,16190
101,4375,10954,13927,17814
7866,11895
2399,3943,7918,14478,17711
9487,11951,15646
6731,7867,14755,16594
103,6478,8309,15931
14656,15647
104,4152,17589
3809,3945,10722,17697
1212,4773,10982,11791,19225
1428,4013,7869,13763
1404,3946,16485
3068,3947,8880,13428,18428
657,11792,17788
6758,7870,13172,19213
106,7044,8101
107,7139,16885
108,6583,9412,18058
109,6596
12178,15650
8429,14364,15651
110,5203,17869
111,6898
2179,5242,7872,14089,17896
7873,12163,16212
253,15652
2384,4209,9348,11793,19265
1411,3950
8930,11797,18836
113,18871
1784,11798,16095
1557,3951,12599,16462
711,15450,15653
115,6425
116,17957
4939,7874,12708
3074,12914,15654
11799,16688
117,6518,11570,12779,17919
1096,3953
118,6668,9757,14526,16107
1121,4691,7875,15102,19370
6825,10044,11802,17317
6610,10155,14178,15659
7876,12255
2988,7404,9005,11803,18379
9628,11804
3954,10484
950,4372,7877,12583,18963
3766,11404,11806,15964
5124,10282,11807
1232,3955,15821
5139,7878,13050
3111,11809,17801
1542,3956,12915,17050
3957,9940
120,14519,17669
854,9548,11812,16202
121,17852
1185,3959,8714,13735,17584
3960,8723,12536
3695,6896,7879,14264,16319
3372,3963,18992
3964,9512,13707,18993
3315,6343,10307,15153,15663
3965,11333
7880,15297
9956,11816,17529
3385,5704,7881,14651,16350
13326,15665
123,16399
13659,15666
3404,4831,7883,13811,17864
124,8868,13481,17094
4094,7884
11818,17886
2289,3968,15977
1486,6748,8300,15667
125,4181,11477
7492,7885
5850,7886,13527
1587,5683,10684,11821,19004
2622,5305,11822,18889
127,5357,9579,12098,19363
3970,10223
3114,11823,15826
1147,3972
340,5383,9327,11879,15669
605,7121,11824,16258
228,11825,19016
6086,7888
514,7434,7889
128,17093
2049,5451,15670
4113,7920,12590,15671
129,7149,9002
3795,4517,10826,13849,15672
130,4776
761,3974,8680
2396,3975
131,6499,9123
2160,4112,10057,14372,15673
132,10573,13291,18620
3976,10008,15065,17911
8982,11828
12854,15674
3978,8103,13127
133,13802,17772
11131,11830,17175
3494,5744,11831,19033
1675,4017,14808,15676
9314,11833,19178
1288,9218,14769,15677
135,19222
3054,5206,11502,12295,15678
136,5582,11629,12871,16113
4845,9839,11836
1180,3983,11615,18432
3984,8116
7891,13525
15292,15679
1213,7103,10431,15269,15680
137,4183,9545,11844,19293
8991,11837,18658
603,11838,18572
452,4977,7893,13458,18815
7894,13569,18303
3186,11275,11839,19270
138,5551
11840,17542
2706,7313,9499,11841,16161
10493,11842
7896,13787
140,16952
141,11282,13905,16272
2394,4593,15684
3598,6282,9634,11843,16042
760,7088,7897,13675
142,6975,11496,13268,18713
143,6980,8317
2433,4331,8032,15388,15685
144,7621
1476,4184,10720,14793,15686
4417,7899
7900,13913
1234,3988,10873,14885,16329
146,6631,11346,13382
1158,7106,7955,11845,15878
448,6771,8199,11846,17106
1426,3989,8629,14788,16987
784,6058,15688
13796,15689
13884,15691
4840,9338,11848,16138
148,6294,8733
3240,3990
3991,9527
149,6885,8057,18125
2347,5498,8873,11849,16288
386,10214,14753,15694
8758,11850,18802
7901,14670
1761,10180,11851,16833
151,6063,9254,12294,16152
152,7241
7902,14045,17461
3096,7648,9203,11852,18668
2114,15695
8992,11853
153,17422
11854,16686
6835,8643,11855
3574,5678,8207,11856,17958
1752,4280,7903,15543,17514
3378,4064,9400,11857,17889
155,7087
3747,4535,15696
3202,3993,11341,14972,16818
757,3994
3995,10319,12104
3783,4281,7904,14864
157,7462
3645,4915,10341,11858,18337
7905,14390
158,7397,9837
3765,4391,9915,11859,16556
2005,3997,8016
7745,7906
3022,7158,10148,15697
5516,7907
6271,7909
5452,7910
11861,16708
6580,7912
160,5369,10606
3999,7929
3657,7378,10768,13845,15698
2604,4000,11972,16317
7913,15252
7914,13426,17778
14128,15699
161,4558,17419
9355,11864
162,5892,9118
3390,5958,8835,12427,15700
10996,13317,15701
2642,5688,11094,13921,15702
163,19362
1240,15703
1972,6421,10063,12201,15704
3570,7915,12862,17873
476,5524,10395,11865,16014
7916,13479
2154,4606,12146,15705
13917,15706
1827,6594,11867,16543
1519,15707
864,15708
7919,13199
3430,4004,8428,12148,18632
752,15709
4005,11623,14492
2647,4690,11372,11868
1173,6261,14518,15711
164,5844,10035,12089,18783
4007,10655,14446,16062
3191,7070,15713
3613,4009
165,7593
3667,4010,9018,14256,17174
11870,16434
2022,5917,8066,14284,15716
7254,7921
1053,15717
608,15718
1755,9767,11872,19162
4011,7996
15119,15719
7508,7922,14532,18157
8810,14525,15720
2593,4125,8601,11873,17139
2931,7225,11013,13057,15721
4012,8123,14166
1273,14254,15722
2242,14792,15723
7137,11249,11874,19030
1548,4359,11875,17537
471,7446,7924
15286,15724
166,7432
3211,4014
2180,6881,8063,13828,15725
167,5696,9036,14293,17807
1862,4015,11103,15391,17342
1510,5088,8060,11876,18358
7925,15126
4731,7926,14308
169,11168,13191,19359
170,6469
4016,10849
3232,6848,15726
171,19195
765,15727
4018,8978,15225,17753
4019,8308,12796,16503
173,16501
2196,4020
2065,12715,15728
4021,9996
302,6926,10407,11880,18592
7927,14232
174,4330,10339,14863,19322
175,5149,8580
866,5694,8113,12137,15731
8258,11881,18092
4382,7928,12738,18715
4022,10638
176,17891
8439,14776,15732
3748,4024,15848
615,4025
11614,11882
1839,11363,13016,15734
858,15735
3450,6248,7931,14112,18411
825,5187,7932,12929,16181
178,6096,11547
3278,4026,9727,19285
179,4206,9222,11899,18447
2070,5912,8771,12908,15737
4187,11631,11883
872,7596,7934,15237,17447
7935,13087
180,5385,8270,12630,16917
810,5699,15372,15738
645,6235,15739
9271,11885,19216
181,17310
3580,7035,8678,11886,18372
7936,12408
3707,6300,7937,15759
7938,13578
1681,12901,15740
2041,5288,7939,13278,18357
7941,13998
1917,4033
182,6179,9912,12810,17857
183,6617,9276,12029,17821
3032,5476,7942
3369,4698,8539,15741
184,5607,8639,13195,17229
2897,4036,13032,15969
1263,5555,11543,11888,17350
2517,5143,7943,13761,17308
1535,4037
188,16560
4038,8321
190,5492,17024
1677,4039,11657,12391,16691
2304,14367,15742
3610,15743
317,4040
4041,8334,12472
10702,11891
2691,12363,15744
4042,8747,13089
191,4985,8471,14240,18380
7945,13286
14371,15745
4043,10286
192,6024,9318,15268,18654
1242,7733,11409,15502,15746
11893,18091
193,6218
7947,13388
11894,18306
5954,7948
289,5707,7949,18885
2585,4048,8861,14648,18169
2380,6712,7950,14459,19210
1846,6619,7951,12967,16585
194,18389
789,11896,17907
8358,11897,15960
3321,11898,17370
7952,12097
12083,15748
3274,15749
1135,4049,14868,16397
10280,13239,15750
195,14766,17526
3043,4051,10473,12869,18790
197,7167,9511,16135
198,13607,16255
7953,13002,17893
7002,7954
838,15752
563,7630,8529,12774,15753
199,5684
200,4466,8474,15049,18733
4052,11400
201,9235,13832,18042
202,19145
2753,4237,15532,15755
4054,9138,14028,18082
7320,7956
1094,7505,7957,14483,17491
2112,4056
3152,5401,10259,11900,16583
203,4885
204,6642,10325,14447,15823
11305,11901
6345,8863,14642,15757
206,9153,13653,18230
207,5580
7958,13882,18648
9387,11903,15981
208,17758
209,14539,17318
2886,4058,10380,13436,18599
3755,6149,11265,11904,17603
210,14577,17642
223,4059,8847,15053,18087
4389,7960
212,4547
213,16281
11905,17353
2483,11054,14307,15760
359,6605,11906,18180
4060,9017,15338,17641
214,6481,11234,18084
2568,4749,7961,13890,18402
2556,5923,7962,12990,17136
1526,11907,17922
2001,7465,7963,12827,16341
215,4891,10368,13741,17692
1837,4062
9299,13228,15761
11226,11908
216,6062,9947,12650,16901
1870,6546,10854,11909,18242
218,7265,10809,12928,17640
7966,12539,15791
219,6323
7612,9085,11911
3634,4066
11912,16032
5925,7967,13354
220,6769,17109
221,4432,11087,13334,18537
222,15137,17035
7968,14363
371,4067,10051,12254,17328
2600,4068,9174,13995
11047,11914
6184,7969,13444,17739
2888,5824,11336,11915,18047
1192,5429,7970,13432
2031,4248,15765
6560,7971
224,16982
3549,5176,7972
351,11916,19146
2229,11917,17300
770,4072,10834,12666
226,17271
4073,8945,12462
9799,11919
7285,7973,12366,16536
227,4285,8200,13591,18518
1108,7208,15767
2039,8583,15413,15768
7715,7974,12605,17344
3627,11920,16921
14797,15769
10061,11921
230,11991,18006
2504,15770
1284,4076,9668,13846
231,5981
2165,15772
2896,7055,9631,14253,15773
2744,4077,9556
15325,15774
5608,7977,13665,17208
11923,16080
4078,9109,13646,17183
2824,6740,7978
815,5144,8192,13869,15775
4992,7979
3161,4079,10371
2417,6231,8217,11925,18571
7981,13208
1361,4080
233,11392,12789,18865
2501,4592,9645,11926,18478
2514,6972,11563,11927
10708,11928
7655,7984,12315,18369
11929,17539
5142,7985,13722
1650,4083,10189,11930,19272
235,5677,8157,14898,18580
236,7730,9076
1808,5436,7987,14739
1034,4084,8460,14155
13468,15776
7988,14159,16530
1205,4487,7989,13892,16088
1195,7327,7990
5186,10361,14561,15777
580,4086,17497
10434,11932
5646,8478,11933,18926
238,15055,17260
7377,9526,11934,16547
239,6367,16831
7992,14770
2853,4089,10945,15538,18077
3742,4309,15778
11562,11935
240,4252
13740,15780
1472,4090,8480,12380,16490
241,15390,18367
11095,11936
7994,12670
4092,11000
11938,16224
2602,12051,15781
2425,5475,11126,11939
9827,11940
13786,15782
7995,14095,17361
242,19057
4097,8163
243,12099,16403
2735,15783
1122,4979,15309,15784
2742,4100
792,4101,9303,14590,16522
1810,4311,9650,15785
7649,7998,14192,16122
11941,16472
3162,4102,8344,14329,18846
7999,11971
622,11942,16962
8342,11943,18286
246,4916,9476
12637,15786
2659,4103,10777,17418
2748,4104,11117
249,13826,15863
3641,4105
1877,4106,9823,14396,18224
4107,11288,14175,17459
1540,4108
2641,4109,8010,12162,17949
458,6308,15787
1206,4445,8731,11946,17305
2789,4762,15789
1332,4111,9624
6984,8002,14634
861,13599,15790
11947,18683
2976,11948,16054
1687,7135,13088,15792
935,6857,8659,15793
3324,6059,8406,11949,19257
252,5125,11389,14730,19054
7398,9458,11950
1236,4114,10878,13734,15824
12612,15794
8003,12281
255,17398
3764,5755,8004,14853
2928,4117,9107,13041,19263
4118,8038
6395,8005,12658
8006,14515,17242
568,6227,15796
257,6285
11097,11953
258,16584
259,5438,10276,19169
261,13574,16521
262,9795,13666,17952
4120,11319,15283
263,6673,15469,18729
264,14285,18066
11954,17263
265,7219,18547
10911,13056,15797
266,6103,13424,18371
14405,15798
3479,4121,17036
764,4122,8729,13844,17868
1029,5507,11099,11956,15959
3606,4123,8385
1441,5610,10109,11957
11958,16502
11959,17665
11089,12232,15799
2166,15800
2773,7509,10928,15210,15801
3016,4967,8599,11961,18021
3269,6143,8009,15409,18257
2984,5867,8882,11962,19071
11963,16024
12278,15802
2116,5829,8281,15392,15803
3699,5933,11472,11965,17738
3343,4128,11298
275,11966,19109
6565,10769,11967
8011,14330,16518
270,6332,14493,15850
2111,7372,8647,11968,18711
1570,15804
11969,15932
3817,4591,13395,15805
271,18462
2173,4129,12553,16125
1366,4130,10251,14920,19318
4379,8013
5947,8014,15358,17269
1765,4131
11973,19124
2989,4132
3588,7067,8015
2512,15311,15808
10293,12242,15809
2336,4134,9420
4386,8017
8018,14844
2334,6350,11975,16675
8427,11976
3408,15813
666,7094,15814
303,7606,8019
4137,10914,15056,18377
1050,4138,11405,15254,17630
8020,13015
11977,18868
11229,11978
722,7352,9234,15815
388,6917,9791,11979
277,5473
9608,11981
3227,4754,11165,11982,15843
2524,4769,8021,12048,17883
1680,4407,10009,13818,15818
8022,14940
3647,4139,9698
3622,4140
2405,5527,8023
4141,9621
559,6480,8567,14049,15819
9144,11983,18627
4144,8920
281,7306,10703,14196,19132
8477,11984,18452
1688,4146,10728,12105
6653,8025,13947
7315,10802,11986
2376,4147,16894
11988,16810
283,5225,16700
4148,8725
936,7048,8421,13430,15820
4149,10523
10889,11989
440,6566,9189,11990,18621
14193,15822
8028,12415,18017
285,17446
4150,9347,12621
2198,4151,13194,16687
286,4172
287,16702
2098,7502,9783,11992,17548
8034,12613
769,5318,8035,13712,15963
470,4153,9861,18855
290,5763
916,6690,10157,11994,17887
2520,15825
292,6750,10200,19001
702,4156,10605,13875,15933
8036,14400
2003,10480,11995,16773
293,16605
907,4305,11996,19345
13749,15827
2147,4841,15828
294,6485,14260,19141
296,12465,18702
1289,15829
3121,7304,8852,12350,15831
3198,5233,11545,11998,18656
1947,4338,8039,12841
3790,4712,8040,12377,18935
300,4267
10412,13546,15832
743,5017,15833
12771,15834
2830,4158,18039
1707,12000,19315
3527,4428,8041,14613,17259
3080,5536,8762,12001
541,4160,16904
710,14389,15836
4993,9182,12002,17267
2870,4162
3781,4633,9448,12003,18031
306,5711,16076
3680,4953,10507,12004,18891
307,5304,11611
4163,9734
1931,4808,10018,12005,19341
309,18060
310,4722
12006,18142
1953,5518,8566,12007,15904
10850,12008
311,13234,16237
312,4441
1271,4164,11659,13162,18799
3105,8597,12009,18549
2333,4166,8986,13336,16301
10134,12010
12552,15838
718,4167,8208,13155,18168
9087,13347,15840
953,15841
15039,15842
3038,12013,16072
3286,11014,13520,15844
2526,5089,11624,15846
2865,5578,8353,15847
314,4168,10837,15206,17421
12014,18943
2212,4169,11412,16176
11150,12411,15851
316,4875,10641,12795,17266
318,11080,12941,16241
10539,12017,17795
319,4681,16632
320,16452
12018,18139
2445,5033,8050,12236,17322
3316,6794,8051,13168,17428
12435,15852
8052,15383,19102
1045,5826,15853
1778,12019,18065
1627,11407,14088,15854
1679,5212,9126,12020
9755,12021
3070,8053,15512,16939
1077,6815,10495,12023
2628,5966,15310,15856
4219,8055
4173,11198
322,16599
2969,9870,12024,16102
10792,12025
1088,8056,12152,18008
323,6897,11072,12040,17522
8058,14397
661,15857
853,6955,8059,13020,17593
4175,10668
3083,4827,8976,12027,19205
8061,14332,18396
7343,8062
325,7752,10014
1038,4177
750,15860
328,19364
4178,11222
4179,10691,13223,18967
7390,8065
4182,11473
1836,7599,12030,17018
8241,12031,19288
2131,4887,9807,15217,15861
331,7156,18475
332,16424
2902,15862
8068,13321
333,6774,9696,12977,17138
8069,12561
1701,4490,8070,14850,16359
2837,9325,12035,17920
12036,17065
465,4188
12038,15913
6698,8074
3423,4189,19050
2681,7051,9903,14421,15864
3049,12039,17735
335,16017
1514,15865
4190,8712,13560,18041
684,15866
336,5774,8564,15028
337,7490,8940,14050,18552
339,4914,9482,15183,18273
3678,4192
1799,5586,8264,14741,15867
3185,4231,8075,14789,16838
6289,8076
7527,8077,14875
3356,5668,11133,14951,15870
3235,4284,10413,14096,15871
13524,15873
341,7711,18201
342,6081
343,14113,18636
8079,13793,15917
6254,8081,12288,18976
6689,8082,13348
3509,4195,8713
1174,6942,9864,12043,17901
5827,8219,12044
12047,15875
2557,5284,10237,12641,15876
2338,8083,14743,18300
346,15968
7484,8084,14046,17499
3308,4579,8085,15511,18350
8086,13078
2485,4197,8603,13393,17600
4198,10405
7704,8088
347,4924
1076,4199,9560,12979,18907
8089,14594,15954
538,9112,14592,15880
10673,12049,15951
13925,15881
12050,18222
8090,14416,18595
1013,5926,8091,15400,17518
8092,14742,19100
3090,5132,9691,13160,15882
1035,4200
2864,15885
3181,5158,10390,12751,15886
8094,13004
9015,12052,19076
8095,13413
5070,8621,12053
1281,9358,14828,15887
5913,8096
12055,17733
2813,4544,9973,12056,15998
10748,12057,18669
2059,5897,15889
3285,7071,9636,14682,15890
1165,4202
5620,8097
2221,5168,10634,12060,16621
3250,15891
353,5189,10891,12383,17612
7113,8100
356,7250,11505,14165
3796,4203
6824,8105,12067
3046,7595,8966,12061,19000
1948,15893
10538,12062,18567
8897,12063
2722,4207,10897,14407,18292
2155,7232,8107,14915,18415
2343,4208,10381,13683,16829
3051,6682,8993,15535,15894
8108,13295
8644,12064
1790,15896
12068,17253
3012,5552,12678,15898
358,6004,8198,12273,18057
6493,11607,12069
12070,16965
3603,4212
12071,17431
13231,15901
2688,4213,8742,15193
1678,6858,8111
1233,15902
8112,13072,18119
9745,15508,15903
12073,17617
1483,4214,10968,13902,17647
1255,6661,8114,12578
6247,11290,12074
8115,14677
582,5012,8117,14685,17972
361,7496,10736,15322,19024
362,5903,18472
3322,5941,15907
505,4216
364,4980
366,12768,16427
368,16194
369,6986,18687
8121,13628,19307
3488,4217,18550
6823,9580,12079
2702,4585,9517,15910
7199,11011,12080
1032,4218,9152,12092
8649,12675,15911
12081,18016
1943,4220
6840,9436,12082
374,8214,13989,16839
4221,11236
375,6615,19202
376,4809,13708,19254
3726,7577,10672,15914
1944,4222
1067,4575,13824,15915
377,7059,10474
588,6191,10098,12084
378,6245,10386
3159,6166,10022,12085,19094
379,6306,17862
380,18104
4224,9324,12504,17127
1672,6444,12086,18053
381,16775
9195,12087,16295
382,12455,16846
4225,11495,12982,16500
9230,12091
4260,8126
1984,4727,9221,12093,18265
384,5199
3463,4962,8128,17356
11422,12094,17601
3501,15920
7056,8129
7344,8130
10877,12095
12096,17149
387,7006,14431,16163
962,5521,8132,13678
8133,13939
4229,11460
2185,4246,15922
9128,14469,15923
2795,4230,11592
5544,8136
6288,8137,13425
4943,8138
2161,6747,8139,12644,15962
884,6405,11158,12101,17189
980,4232,10548,14456,19185
5423,8375,13408,15924
2747,4233,11340
1795,4235,14318,17793
3531,4236,10040,14120,18270
8140,14886,16300
1351,13414,15926
389,4323,16264
2007,4238
2852,5618,8141,13704,18010
390,12277,18205
10952,12102
3405,4241,10053
8142,12960,17086
1617,7433,8708,15929
881,8780,14258,15930
1893,4242,9121
1037,6414,8143,13697
3626,4244,10779,12532,18543
4245,8704,12952,18198
14473,15934
12103,16539
392,7270,8538,12190,18699
3596,6837,8145,13800,17826
1592,11579,13877,15937
1590,4975,9027,14255,15938
394,13477,16884
14167,15940
395,6012,10635
3690,15941
396,4559,12474,17743
2271,6763,15942
4573,10448,12106,18121
7524,8611,12845,15943
8695,12107,18761
10147,12108,18803
398,6949,17843
4247,8914
6659,8149
583,4810,11445,15351,15945
1987,15946
399,5817,10755,13130,17039
4958,8150
1447,8160,12109,18618
940,4250,11602,18275
628,4251,10625,13873
401,13855,18059
3319,6970,11486,14911,15947
5836,8152
2970,5239,12110,17754
3419,6618,10888,13635,15948
8153,13073
2738,4253,19319
402,7297,16093
1951,7112,8156,13251,18500
3027,4254
3672,6645,9132,14567,15949
2245,4255,8265
4257,9607
3553,4258
12113,16326
404,7682,17278
4259,8827
8158,14801
12114,18674
407,14257,18857
8161,14720
8221,12919,15953
2570,7743,11467,12115,16604
1072,15955
1133,6492,9033,15956
3289,7523,8595,12634,15957
420,4938,11414,12117,19356
9586,12131,15958
1630,4996,8164
8165,13956
1729,6080,8166
410,12991,17378
3788,4261,9097,13308,17290
8168,14586
4676,8169
2889,4262
2666,6094,15961
3128,6622,11163,12118,17681
4263,9042,15377,18212
2499,4264,19091
5504,8170,12307,19368
5320,8171
8319,12120
1087,5410,9523,12122,17218
8534,12123,17002
4268,9924
413,16728
2900,5939,8173,15241,17561
2408,4269,10249,17301
4270,11006
12124,18326
415,5535
1573,4271
4485,8174,13753,17993
1078,4272,9279,13992,16071
4273,9831
6029,8175,14480,18944
3621,5055,9140,12127,17693
3149,15965
10817,12128
11671,12129
1235,15966
1656,7644,8176,13556,17178
3078,5048,10971,12130,19118
10942,12132
2977,4944,8178,13182,16947
483,6510,9875,14798,15967
1154,4274,11521,12312
5058,10129,12133,16482
418,7119,9569
2201,14601,15970
8181,13768
2457,4276,11426,13497,16580
5577,8182
3469,12135,16721
979,4277,16641
12894,15971
1019,4278,10874,13455
1727,4279,9542
443,15972
3472,7021,8183,13244,18710
2228,15973
423,13440,18725
424,6410
425,17436
3490,6141,9357,12136,17095
427,6050,17900
428,6380,12748,17884
2597,8184,12259,16671
2905,4282,11107
429,4854,9922,15248,18707
8186,15540,18416
2375,7339,10084,15289,15975
11374,12138
431,15296,18661
3331,5644,8188,14375
6185,10433,12139,17339
5982,8196,15337,15976
433,14179,16101
4970,8189
15546,15978
434,4463,10676,12671
3248,7742,10713,12250,15979
2303,15980
803,5220,8190,13118,19113
8191,15416
496,6808,9986,13880,15982
439,5241,9945
5733,8193
943,6319,9171,12141,16515
8194,13932,19187
2877,15983
1995,4286,18064
441,14710,18457
3470,7005,8290,12885,15984
2413,13783,15985
442,17228
4290,10330
444,6054,8739,15356,19305
11286,12628,15987
1888,4291,17878
2951,7669,9103,15988
542,6239,15170,15989
5525,8201
1248,5970,8202,17245
446,17168
447,10844,14503,16707
9841,14723,15990
8203,14273,18612
12909,15991
1686,15992
4293,9936,14736
2648,4294
725,13751,15994
1726,4295,8756
1507,12144,18513
5264,8205
1643,7660,11388,14156,15995
4298,8948
1282,6694,12585,15996
959,15997
4299,11352,13534
632,4301
3715,4303,8260,15415,17672
7699,10274,12145,19099
9899,14208,15999
595,7231,9141,12677,16000
3242,4304,8408,14292,17241
1604,4900,8210,12147,18272
2150,4306,11677,14304,19350
3212,7019,8209,16039
1431,4369,11520,16002
3732,7217,16003
12149,18353
730,6148,16004
2148,8211,12379,18072
3304,6178,8213,13584,16136
449,4624,8638,14476,17021
643,6216,16005
451,18529
703,6844,9216,12961,16006
8215,14757
5589,8216
2279,7127,12150,18023
3808,7645,10931,12151,16391
4310,11030
495,5771,11329,16007
9300,12153,19190
3300,4312,8625,14645,16354
1047,13120,16009
1155,4719,9007,12154
1619,6666,8218
2565,12156,18594
12157,18589
12158,16204
3561,4628,16011
1911,4314
456,5705,9243,14546,16779
6116,9789,12159
1417,4316
11353,12160
2486,6228,8222,12448,17609
4317,8473,14507
2227,4486,8223,14322,16694
4319,9713
3609,4320,9740
459,12858,17507
4321,8842,14414,16091
460,5969,14896,17365
8224,14361
461,14956,16364
3345,6489,9923,12661,16015
5984,8531,12164,16590
2767,16016
9805,12165
462,16048
463,7097
1891,4322,9825,12216,18806
464,18099
627,7234,9277,14040,16018
8226,12358
8227,13225
12168,16703
12244,16019
1126,14229,16020
3098,16021
5253,9019,12169
3478,5793,8230,13174,17918
2624,5074,8231,14696,18835
4324,9948,15081
1252,4325
9626,12171
2993,7622,9215,12172,19042
12173,18229
4326,10739,15250
14541,16023
12174,17040
1020,4327,11492
3101,12175,17796
3794,6678,9743,12176
8232,14596
12177,18797
472,5724
473,17236
4469,8233,13673,17645
8234,15211
2525,4328
3380,4329,11417
2657,4874,10349,12179,16642
3815,16027
477,5415,18767
1493,4332
8236,12623
3507,4334,11560,12238
478,16498
9737,12181
479,7229,9643,15365,17406
8238,13390
480,7681,11118,16318
7015,8239
614,4549,8240,18798
800,4622,8808,13119,16028
8242,13924
2363,10455,12185,17468
482,16304
3569,6570,11092,12187,18309
4335,10222,12999,18244
5328,8244
1876,16029
486,6811,14754,19008
487,5563,16313
12188,16129
488,10482,14354,16142
1807,7079,16030
7192,8650,12189,18264
491,5343
6585,8800,14356,16031
5263,8247
12191,16441
2783,4337,18875
1885,5084,8249,12874,16312
493,16476
12193,19140
996,6644,8250
1628,4556,16034
494,6446,9748,12204,17027
8252,14565,18202
3340,5355,16036
4479,10335,12195
5562,8253
3312,7489,8254,17380
8257,13715
497,6968,10766,17858
9198,12196,19048
498,17479
499,7276,17611
500,4888,11441,17033
3291,5841,8259
2854,4342,10096
501,6720,10271,13493,17970
5788,8261,12495,17008
3365,4345
4346,9729
4619,8263,14928,17667
502,13847,17987
3528,4348
2603,4349,10185,16655
503,6800,10253,14454,18473
8266,12963,16244
6260,10811,13515,16045
3151,6286,9176,12197
1942,4351
7110,8267
3171,4352,13536,18123
4353,10639,13594
3024,4978,8268,13351,18515
13996,16047
7261,8269
11649,12199,18869
511,5309
512,15431,17977
2507,4355
3214,4356
4357,8338
513,7736,11058,13537,17670
1089,14056,16049
2349,7278,10075,12202,16188
10421,12203
5965,10226,12205,16946
4358,9601
5247,11452,12206
4360,9204,13350,16302
1245,4361
515,5432
516,6053,8528,13964,18255
653,6011,10924,12208
3179,4662,12209,17783
4362,9061
8763,12210,17000
2277,8273,12309,17237
519,5588,9558,12873,18509
8274,13210,16646
13689,16055
520,5930
5020,8277
521,14016,16512
8278,12716,16967
1652,16057
7194,8279
4365,10549
945,6756,10146,16059
8280,12673
2590,4537,9021,15058,16060
3409,6176,8811,12211
5701,9437,12212
3493,12213,17515
3612,4366,10296
522,7639,9674
1691,7750,8283,12632
4367,10988,15214,16677
4368,9165
14153,16063
2109,7216,12215,17512
4371,10420
4373,10864
523,17037
1461,4374,9890,13589,17979
1229,7744,9378,12913,16065
3085,16066
4392,8288
4376,10767,14607
8876,13782,16067
526,4583,12679,17498
3782,16068
2798,14162,16069
8905,12217,19068
12219,17997
527,7047,9100
528,17933
1408,4378,10499,14752,16207
529,5997
3566,12220,16928
530,16483
12221,16887
5872,8292,14299
4530,11503,12222
1298,4380,9869,13592,19286
1725,6922,8293,14715,16856
719,4766,10113,12224,17799
6676,8294
8295,14987
3607,4789,8296,17187
6428,8360,12225
532,7029,14381,16092
8297,12569
1341,16073
533,7212,17985
4877,8298
535,19013
536,16164
1421,16077
2429,7727,10820,12975,16078
9438,12227
1528,16079
6961,10677,12230
6790,8302
4436,8303,14961
1086,7078,8305,13285,16849
539,6406
540,4850,9618,12627,16494
2272,4387,16491
2374,4388,9096
8307,15454
3131,5593,16082
14433,16083
543,5204
544,5991
4390,9673,15218
15255,16085
545,7010,17581
2428,15032,16086
546,14944,16730
547,6878
4502,8310
4394,11397
7419,8311
8312,12933
7705,8313,13257
8797,12317,16089
548,16126
6291,8314
8851,12233,18524
3363,4395,11325
6721,8315,14209
3123,4398
12477,16094
1932,4400,17291
4464,8318
1614,6273,12235,17786
549,5193,9481
4401,11386,15094
550,4609,10196,13582,16417
12237,18483
3822,4403,9759
3660,7066,11205,12239,16820
4404,10533
834,6665,9566,12240,17925
1663,5251,16098
2054,4406
2029,8322,12987,19201
2714,4408
5417,8323
3617,4410,9375,15270,18577
10131,12241,16950
553,5177,19360
554,7011,9415
4411,11119
556,5690,8465,13731,18969
1353,5261,9208,15327,16103
9136,12243
4412,11144
7096,8325,13638
13514,16104
557,6422,18410
8326,12310
2478,5042,8327
1488,7401,16105
12245,16349
560,18623
561,5799,11500,16891
2884,5650,8330,13958,17556
562,6124,13180,18200
3011,4869,8331,14726,16761
4420,9060
7305,8333
564,5506,9858,17381
2730,5541,11039,13771,16109
2880,16110
1439,5662,10476,14289,16111
566,6409
2292,6838,8698,12248
9194,12249
3554,4421,8382,14452,18634
2670,4422,10173,18340
4423,11479,13756,16886
11215,14029,16112
4425,10149,13857
8959,12786,16114
570,13671,18498
4940,8339,14781,16448
924,4612,8340
723,6945,8341
4426,9978,15347,19173
2709,16116
573,4753,11311,13134,17005
14618,16117
5928,8343
1594,16118
4811,8345,13511,17068
3443,4906,8346
2971,6366,9801,14845,16119
2064,6192,8348
4430,9024,12616,18590
7145,8349,12951,16935
574,6025,8963
6373,8350
2809,6313,10710,12256,16339
2398,4433
4434,11424
594,4435
575,14135,16873
8881,12257,19204
4898,11315,12258
3392,4437,9771,14373
1372,6384,8351,12430,17740
4438,10716
5951,8352
4439,11061
2297,12260,17085
934,5681,8354
2420,16124
8356,14297,18391
949,5515,8357,14588,17142
2095,4440
3737,4442,10377,14419,17169
585,18288
586,18600
4443,11380
587,5280
7205,10660,12261
7653,8359,13624
12262,16390
4446,11458,14904
2806,7707,10825,12263,16992
1358,4447
589,5129,10023,13304,18399
590,6312,9954,14910,17161
5940,9405,12265,17982
9013,12266
4448,8448,13147
6120,8362,12996,18184
2298,4450
591,17363
2036,6775,11622,12268,17687
3572,5781,8363,15245,17170
592,16725
7334,8365
3360,4453,11090,14680,17519
2588,6601,8962,15041,16130
4454,10179
2009,6579,8366,17052
14231,16131
12270,17876
3200,4456,8464,18629
3013,4995,8367,13339,18991
1215,6071,8826,12271,19086
982,7442,16132
1314,5531,10985,15440,16133
12272,19083
902,6553,9741,13487,16134
5078,8368,15418
4457,10027
596,5470,9906,14909
597,15203,16426
598,5157
4458,11399,13774
3767,5714,8369,13068,16768
600,13205,16333
601,6532,10314,14250,16225
659,6884,8371,14241,19241
2127,6814,8372,15220,16440
1264,4460
12276,19260
3665,16139
3034,4461,18079
13713,16140
2605,4462
13549,16143
8373,15205
604,9408,12548,16564
4465,8424,13289,17171
2426,13500,16145
606,6592,18708
12279,17513
1295,9540,13337,16146
3387,5235,8376,13701,18078
607,4822
1766,10032,14477,16147
7560,8377
2847,7383,8378,13935,17844
2157,6850,11100,12280
609,6640,11280,15312,18541
8379,15059
6529,8658,12562,16149
2253,6032,10894,14378,16150
697,5249,10209,13690,16151
2328,4467,9625,15433,16615
619,7014,9274,16154
5221,8383
8384,14445
11526,12285
1661,7728,14824,16155
987,4471,12286,16930
10059,13025,16156
12287,18985
968,4472
10868,12292
1435,4474,9639
2607,4475,11642
7439,11237,13928,16157
13948,16158
9081,13530,16159
613,6134
2476,4477,11183,15304
1915,5321,10167,16160
9093,12296
8388,15111,18884
2240,4481,11034
616,6937
3487,6639,15107,16162
617,17293
6853,8391
4482,10498
8947,12298
2053,7713,9253,12299,18829
3373,16165
2533,6966,11589,12301,18585
13966,16166
8395,12489
693,16168
12302,16234
11096,12303,16614
8396,13422,16250
4488,10592
12304,18026
2477,4489,11337,13356,18189
2790,4599,8546,16170
1039,6503,10012,12305
1000,4491,8705,15526,18928
1105,7332,8648,12313,16171
624,18946
5469,8397,12447
2008,7464,8398,14259
8399,13434,18872
3014,4492,17022
8400,12821
2521,4493
3292,4494,11223,15386,18604
11536,12311
3257,16172
11351,15494,16173
2023,4495
3327,4496,10496,15287,17621
8402,15067,18154
4674,8403,14474
3039,7312,13284,16175
4499,8973
2638,4778,8404,18994
8405,13427
3568,4501,17028
5640,8410,15410
14934,16177
4503,9401,13614,17638
3058,4504,9383
630,6199,17673
4505,11334
11314,12319,17946
1238,7471,15539,16179
3618,6159,16180
634,18107
3233,7076,8413,15308,19232
11633,12322
8414,13376
636,6251
10976,12323,18183
5538,8530,12324,19264
2308,7525,8416,18464
12325,17367
1178,4506,8931,16755
3520,4507,9763,18356
9119,12326
1347,16182
638,6154
5361,9275,13555,16184
5605,9020,14767,16185
640,18848
4511,11595
3167,12328,19081
11031,14555,16186
10292,12329
9232,12330
5790,8418,13986,18902
4514,11576
6424,8951,12331
2210,6127,8420,18823
644,6843,9297
2618,12332,17690
646,7400,19095
8422,14187,16991
647,7719
648,7568,8806,15471
2614,4516
8423,12406,17771
12333,17973
8794,12334
649,6362,10613,13608,17898
650,5791,9229,12520,17313
6204,8426
973,4519,18726
756,4520
9286,12337
10687,13446,16193
651,5748
1939,12339,16823
12341,16257
1735,4523,16450
654,5514
2704,4524
13142,16197
655,5463,9472
1874,4525,17770
12343,17156
14647,16198
8430,14825
656,18839
6160,10577,13568,16199
660,12456,17654
3119,12345,18582
662,6089,17846
2156,7163,8432
664,14443,16412
2038,4527,17674
2954,7054,10076,14993,16203
4528,9146
2937,4529,9503
8433,12993,16827
667,5585,9494,15498
668,5794,9686,14105,17010
13867,16205
669,16551
11302,14995,16206
5766,8434,13879
3485,4932,8435
12351,17231
3359,7700,10110,12388,16208
673,13953,16447
2393,4532,17659
1749,4981,12537,16210
2846,16211
1363,4533
14149,16213
767,4534,17839
674,6371
10776,12352
2914,7122,9185,12772,16215
12353,17268
3031,16216
1601,6407,8509,12354
676,6088,9098,19023
1048,5376,16218
6281,8437
2881,6394,8877,16219
12355,18911
937,8586,12889,16220
2674,5919,16221
3188,4536
677,5293,18262
4538,11067
8504,12359,16535
679,6915,9946,15068,17157
3769,4539,10340,14908,18948
15226,16223
8441,13341
680,18700
2447,5097,8442,14325,19045
681,6946,9469,15331,17399
685,4892,10568,12848,17204
3727,7453,10365,12360,16859
2632,4543,11146
2323,7190,10964,13864,16227
3720,10478,13237,16228
6760,8443,14533
12361,17576
1465,4545,10838,15449,17088
686,4897,9657,13550
5523,8445
1247,4546,10451,14552,17850
687,5071,17133
2540,5741,9955,13267,16229
13238,16230
12494,16231
8446,14270
688,5450,10670,15478,16358
1479,16232
1129,6007,10174,14543,16233
2715,7633,8449
6299,8450
2821,7628,8451,13908,18175
4554,10726,14097,18164
1016,14799,16238
15441,16239
4555,8467
15026,16240
6412,8454,14007
12364,18098
11227,12365,18958
9379,15346,16243
4563,8728
3329,4725,13781,16245
8455,13157
15163,16246
3163,4566,8641
9467,12368
2331,8457,12741,18167
694,17354
8459,13176,16629
11214,12369
8834,12370
10648,12371,17349
695,5512,9267,14442
696,5899,9937,17474
10761,12372
781,12374,17129
13730,16248
11143,15244,16249
2026,4569,13667,19191
4571,11002,12927
7701,8462
699,5628
700,4982
5653,10741,14444,16251
4572,11429
701,16433
3127,4574,9509,17938
704,6320,15385,17258
705,7243,9055
706,4679,12773,16881
4576,9849,14913,18961
3789,4577
1821,7153,10204,14989,16253
1626,4578,17101
4876,10813,12381,16770
707,6045,10024,14132,17119
9345,12382
1959,4580
1394,4582
1382,8468,12730,17906
8469,14334
4584,9249
4969,8470
3238,4586,11189,13658,18821
3608,4747,11514,12387
4587,11136
4588,10298
1188,4589,10391
12389,18118
6462,8472,13711
2489,4590
8675,12710,16266
8475,14199,16784
5197,8476
713,16861
714,7435,11610,14700,17104
716,18954
7319,8479
4594,8898
720,6400
8481,14436
3590,4607,13554,16268
889,7043,8483
2906,6214,8955,12392,18851
8484,14725
12393,17748
4598,11490
724,4820,12712,18435
8485,12757
1521,5080,10454,12413,16270
9490,12394
726,5641,9860,14116,17414
12395,16616
8487,15533,18810
5532,9547,12396
1509,6030,10614,12397
10542,12398
12399,19110
12401,19243
3346,4600,11583,12727,19349
1058,4601,16460
2788,16273
3532,5779,8491,17550
10169,12403,18386
5310,8492
1598,5757,8493,16649
3288,13474,16275
1806,4934,16276
3370,11646,15518,16277
2516,16278
2087,5671,11083,12405
927,16279
3435,14395,16280
731,7099,8841,17909
1603,6974,11294,12407,19358
1383,5348,10411,12410,16582
4608,10513
732,17932
8496,14098
734,4935,8736,15489,16699
6744,8497,14062
4611,8517,14724
3317,5014,8498
4613,10993
1413,4615
4616,10694
3468,5873,8501
741,6903
742,6372,11559
4617,9364,14626,18540
744,6047,9147,12950
745,18904
747,8521,12662,16286
1899,12416,17682
746,17713
7694,11327,15288,16289
5685,8503,14691
748,13246,18186
749,18905
1988,16291
4625,9675
3728,5173,8506,14051,18160
12833,16292
8507,14074
5346,8508,12484,17424
753,7695
1575,12418,16989
7544,9642,12419
2096,4627,9285
755,4668,9258,12860,17506
10494,12421
836,16293
758,18373
3571,4630
759,6688,11285
1674,4631,8541,14349,18849
3438,4632,10388,14101
1446,14986,16294
2814,4634,11574,13830,17252
1142,7532,8510,13361
762,6031,9594,14077,18476
12424,18276
4635,9307,14930,16463
763,7467,18196
1001,5028,8511,15352
12425,16406
3585,4636,9525
1758,4638,11645,12642,18921
2358,4639,11180,14966
12962,16297
15139,16298
8515,15398
1973,4641,11470
3367,6494,8516,18448
766,5568
4643,10443
2763,4644
2885,4645
768,17179
1160,4647
12431,19332
9500,12433
12434,19041
7223,8519
8520,13567,18056
4648,9779
772,13465,18496
1912,4649
2281,6355,8522
2630,12439,19031
4650,10300
4651,10906,14415,16555
8524,14287
776,17478
1924,4652
777,12755,19246
1398,7338,10690,12441,17211
778,7018,10734
1141,5457,8526,13211,18558
12442,18474
13859,16303
8527,14683
2579,4653,11130
793,7075,11609,12443,16706
779,16345
2924,12478,16305
4654,10885,15019
783,7632,12445,17150
2406,7437,11443,12446
1653,4656,9155,18477
15120,16307
1928,4657
4658,9867
13209,16309
12989,16310
4659,9142
2474,4660,11662
8555,12449
12697,16311
8532,12458
785,7318,16931
787,18236
788,18517
2991,4665
1244,4666,17955
4667,8990
2043,5751,8535,12852,17902
1856,16315
4669,9582
790,5441,9682
1425,4671,17668
8537,12954
1636,4672,10997,14331,17386
2952,4673,8591
791,17817
3075,6130,12452,17176
5167,10468,12453
1226,6413,9810,13201,16321
12949,16323
6870,8540
8542,13894
2621,4680,13901,18919
6551,8543
1833,16324
2794,4682,10545,15293,19126
6202,8544,13647
1666,5561,8545
3753,4683,10593,15017,17121
794,17714
4684,10803
3725,4685
2452,4686
795,5631
5448,11190,12457
797,5356
798,5335
3555,4688
4689,11550,12998
799,5840,10919,14463,17774
5967,11548,12460,18698
14015,16328
2862,5661,16330
13573,16331
12461,17658
5617,8548,13412,19353
3744,6226,15140,16334
964,4883,9997,16336
802,18310
1685,5178,16340
1422,4694
8552,14862
2608,4696,9335
2440,12466,18771
8553,12602
804,16639
6562,11345,12467
2310,6234,16342
805,16430
806,6505,11361,13105,17017
4697,10644
3158,5952,8556
8557,13580,17996
2594,9977,12778,16343
4699,11296
811,4973,13435,16977
12468,17012
2287,4700,10515
8558,13639
6448,10561,12469
2013,4701,10285,13681
13154,16344
12470,16661
4855,8559
1260,6523,8560,14110
817,18693
8563,14206
2079,11376,14838,16346
2080,6753,12473,17688
818,7661,10178,15184,18784
820,18903
1095,16348
823,17382
1418,10547,13248,16351
3228,4704,8624
9790,12475,16934
12476,18978
2690,5353,8565,14784,18188
1952,4705,11355,14880,17653
4707,9197,14978
893,5023,8570,13324,17812
826,5095,8928,14816,16473
4709,9564,12740
2364,4987,8571
4710,11630
827,6951,10264
828,6552,9575,12938,18731
5395,11252,12479,19019
4711,11074
4713,10819,14636,18516
2199,5449,11597,12482,17025
831,5418
9918,12485
2759,5796,9219,12486,18494
3508,6473,8573,17805
12577,16360
3594,4715
14246,16361
8574,14900,16495
2995,7629,8575,13999,18346
832,18593
2720,4821,8576,14441,19329
12491,17636
8577,13679
1865,16363
1625,4716
11104,12493
8578,15382
1406,7581,8579,14336,16964
9502,12497
9414,12498
3604,7180,13249,16365
1482,12499,17470
2619,4718,19226
8581,12591,18631
12566,16368
840,14984,18162
12895,16371
1166,4720,14943,19203
1011,7443,9353,14617,16372
12501,18363
11567,12502
5753,8584,14785
841,6044
4721,8786,14482,16878
2835,5686,8585
842,7299,10977
6150,9251,12503
1631,11483,12505,16828
6723,11398,12506
3471,7290,9930,13936,16373
11360,12507
845,12851,18828
1478,4723,9971
3309,4724,10856,14783,17655
3536,16374
847,5232
4726,9395,12797,16764
848,18773
849,7130
3019,4728,10867,12729,17173
850,6079,10387,14708,16578
3506,16375
1556,4729
851,4795
15016,16376
852,18114
3287,7263,8593,13840
2471,4774,8833,14549,16377
2866,4732
3217,16379
4733,10231
14857,16380
10770,12511
13633,16381
856,14965,18945
12512,18232
1644,4735,9980
3801,6889,8594
857,7322
7164,11160,12513
6978,11179,14638,16383
6188,11027,12515
859,17574
1800,4736
860,5949
1322,16385
3134,4737,12994,16387
3436,14958,16386
12517,18277
13670,16388
13396,16389
13916,16392
4739,10519,14362
15484,16393
865,5546,17369
2547,16394
9859,12522
12523,16548
2257,7501,14164,16396
4741,10586
14980,16398
12524,16489
10193,12525
3733,4742,8618,12564,16765
12526,18433
4743,11134
14566,16401
871,4799
2861,4744
2573,16402
8598,12863
4746,10378,14418
2908,4748,9370,13941,19147
2587,16404
12528,17571
15208,16408
12529,16811
877,4797,11192,13303,19347
2875,4751,18918
2584,6237,11028,12530,19316
12531,17837
12533,18083
12534,16797
878,14115,17303
8604,12787
879,7518,11506,13299,18074
8634,15134,16411
10064,12535
8606,13060
13896,16413
1985,4759,19209
1257,4760,10836
4761,10452
8607,14641
5447,8608
6787,10612,12541,17555
2324,4763
3192,4765
6696,8609
1921,5953,9623,12543,18609
5043,8610
2572,10751,12544,17554
971,5591,9585,12545,17974
2492,4767,18853
3428,4768,10944,13643,18825
3410,4770
1818,12631,16418
1552,4771
3807,4772,19297
1241,16419
8612,12920
2553,14122,16420
890,6109
891,5319,17403
1052,4775
14749,16421
8670,12547
1181,4781,9396,14935
7196,8616,13777
12549,17230
2202,4783,8921,17009
7289,10099,13501,16422
4784,10535
4787,11350,13806
1132,7558,8619,14871,17903
1387,6803,9568,12551,18703
4790,10471
896,6664
12554,16516
10217,12555
898,7717,18779
4793,9609
3544,4794
12556,17107
5820,8623,13544,18362
899,5843,13883,17888
900,7566,11161,13263,17917
4796,10248,14141
901,5313
6887,8627,14528
1695,4798
903,17794
10470,12558,17160
906,19082
8630,14021
5161,8631,15262
5201,8632
908,16517
909,5179,8998
910,7520,17565
3129,4801
8635,12878
1275,11121,12565,18792
2502,7351,8637,15384,17634
7512,9173,14933,16428
1130,7543,16429
3451,4803
917,6766,17897
1569,4804
2028,6375,9780,12567,18394
12568,18423
7388,11003,14839,16431
3413,11656,13086,16432
920,6495,10623,14545
1869,4807
921,6761,9785
12570,18939
8640,15060
926,5700
5322,8642
2728,5500,16435
3666,4812,14712,18503
2645,4813,9742,14869,18294
928,6259,11147,15379,17122
4832,10094,12574
930,6725,10608,15496,16437
929,5018
3050,4816
12575,16932
1462,4818
13258,16442
1728,13186,16443
931,5350,18333
932,15457,17366
7176,8653,15246,18662
8654,14994
2965,16445
14268,16446
9670,12580
8655,14043,17397
9853,12581,17270
6719,10682,12582
2855,4824
12584,16561
2122,6283,16449
939,5674,10235,13340,18861
1300,4826
1022,16451
6729,8661,15316,17103
1031,12587,17867
1450,6297,8662
2422,6443,8663
9486,12589,18159
2430,4830,9391
4834,11348,15326
944,7157,18237
6064,8666
1990,4839,10646,14491,16880
8667,13374
3640,5281,8668,14661,18441
3519,4842
3819,4843,10402
5044,8669,15172,18245
12594,17389
8671,14830,17914
1084,4844,9167,12622
5005,8673,14902,17496
946,8899,14663,16469
988,7740,16455
6778,9168,13023,16456
8674,13423
948,11330,14084,17191
9571,12597
5358,8676
4859,8677,13046
12601,17064
9968,12603,17703
951,7003,10425
952,17831
1340,16458
14313,16459
12606,17130
1303,4847,10607,14740,18645
954,7361,9352
12607,18764
10880,12654,16461
6168,8681,12973,17112
958,7336
960,6419
2684,6930,8683,17802
10663,14033,16464
8684,12737
961,5122,11356,15541,16569
12610,18670
6439,10558,15329,16466
2811,16467
963,6541,10798
2368,13003,16470
14981,16471
3082,4856,13095,18735
966,4949,11324,12903,19092
2913,16474
967,7203,9149
12615,17460
972,12714,16969
6426,8688,14694
974,6298
1310,4925,16477
1049,5809,10396,16478
7498,8691,13725
8692,14967,19230
977,6589
1662,14343,16479
8693,14411
3239,5397,8694,13185,17964
978,6908
4860,10353
11115,12624
14434,16480
8696,13076
1980,6988,8700
981,7142,10079,14146
8701,15324
983,5052,8790,19236
2360,4862,11078,13603,16893
985,6625,13661,18890
7421,8702
1265,4863
3245,6632,16488
2490,4864,16640
1474,6232,8753,12629,17768
4867,9497
989,18223
3546,12633,18975
4868,10512
4870,10043,14228
990,16718
2215,5611,8707
6158,8709
4930,8710
3349,4872,11277,14602,16970
12635,18338
1400,4873,9792,15074,17625
3084,16496
9441,12899,16497
993,7545,17201
9456,14136,16499
2548,6900,10975,12638
8716,14889
997,5119
998,17007
999,6726,9257
11182,12639
11591,12640
8719,14314
1817,4878,10187
3454,6852,9719,15191,16504
1823,5922,10364,16506
14676,16507
1004,7370,10518
1211,16508
1831,4880,8889
1172,7140,16509
1007,15495,18613
8724,13369
13302,16510
12646,16754
13410,16511
8727,13595
1008,4909,12921,17660
1009,6899
2239,16513
3823,4884,9264,18182
2703,5729,16514
1684,5183,10611,12648
2953,7341,10415,12649
8737,13096,16999
6578,8738,15479
2397,4889
1012,6637,18105
8740,14800,18493
1015,6606,17622
13411,16519
10058,12655
3696,5548,8743,13216,17833
1018,5049,9895
8746,15462
2252,4893
10986,12659,18027
11241,12660,18984
1021,6327,10010,18527
1420,6780,10252,16523
1023,11101,15142,17766
8749,12942
12663,19266
10170,12664
1024,5880
8750,13189,17836
1937,16525
1697,4896,16752
7114,9491,12665
2616,16527
1026,6277,8844,18807
8752,13870,18888
1028,7626,9360,13101,16562
3325,4899,11375,13748,17420
1326,16531
10166,12668
1030,6977
8754,14184,19361
5363,8755
4903,11197
2327,4905
4907,10031,15158
2164,4908,10357,13421,18774
1036,7616,8895,12971,18484
3676,4910,12758,18528
1333,4911
1286,16537
2869,16538
4917,9427
2845,4918
6979,8768,12684
12685,19148
6662,8760
1042,5315
1554,7472,8761,13214,19142
4920,9632,12799,16544
9223,12686
1043,15353,16684
3195,4921,12723,17284
4923,9697,13047
1044,6393
4926,9260
2062,4928,11587
4929,11010
13854,16545
2139,5932,8884,16546
8764,14380
1287,5772,8766,12985,18791
8824,15419,16549
8767,14458
9655,14865,16550
1054,5858
5213,11193,12690
12691,18293
11212,12692
12693,16993
3069,6069,8770,18931
1055,7441
2468,16553
1056,13391,17968
3353,16554
2184,4936
8773,14290
1057,5269
1190,6713,8774,14722
1059,18630
14852,16557
1060,12836,17813
8777,14997,18968
1061,18676
4941,10007
5785,8778
2168,4942,15083,19255
12785,16559
7623,8779,15013,16943
2415,16563
3302,12698,17285
3306,4945,9663,13512
1066,18873
2778,4947
3003,12699,16609
4948,11556,13631
10692,12700
3348,4950
1966,16571
1890,9882,13323,16572
1384,5407,8784,12706
8785,14341
1069,18925
10247,12702
6177,8787,15470,18858
14055,16575
1070,5090,11310,13610,17297
1071,14063,17492
12703,16735
7215,8789
13472,16577
1621,7668,10686,12705,17767
13215,16579
4956,9124,14150
1218,8791,13451,17487
6921,8792
1074,6856,10269,12828,18955
3125,15008,16581
1075,5029,10617,13531,18681
2187,4959
9429,12709
12711,16733
1397,4960,9282,16634
1079,17944
3697,5185,8795
1291,6161,8796
3203,5001,10263,12713,16806
8798,13587
2456,4966,10401,14731,17480
13358,16588
4968,9976
1080,7337,17117
2655,4972,9287,13092,18842
8803,13622,18689
12717,16769
3007,14628,16596
5306,8913,12718,17536
12720,19339
2505,16598
2068,6336,12721,17760
10915,12722
1196,5165,8804
10362,12725
12726,17676
5236,8805
1772,5013,11292,15509,16600
2640,12728,17598
2551,7620,11366,13462,16602
1083,19044
7738,8809
13795,16603
14489,16606
3296,16607
3681,7725,16608
1090,5286
5864,8812
6923,8813,13630
3481,6440,12733,17569
8814,14990
1093,5082,10017,14822,18581
8815,14510
6142,8817
1176,4988
4989,9455
1665,7082,8819,18538
8820,14899
3716,4990,9803,14941,17325
5493,8821
3710,4991
1814,6669,16612
5172,8823,14183
13593,16613
3476,4998,17430
3381,4999,10731,14806
9833,12742
1098,18143
9868,12744
1099,17148
1100,10910,15527,19325
5002,10268,15001,17090
2892,5003
12745,19165
5006,9600
7636,8828,13636
1907,5007
3701,5008
1102,5485,18176
1169,5340,11604,14393,16619
1103,5174
10208,12747,17631
3491,5010,9641,14222,17011
2379,7268,8829,13079,18437
2672,13498,16620
1106,7683,11063,15154
2770,8999,12791,16622
8831,15230
6854,8832
1107,5645,9224,17732
3417,12749,19338
1110,7068,18908
3196,7497,16627
9687,12752
2268,5016,9183,13181,16822
12753,16717
9616,14242,16630
3237,7259,16631
12756,18826
2998,5019
1113,17590
1114,17992
1713,13405,16638
5276,8837
1115,7206,10579,13962
1117,6670
1119,14399,18328
5022,9943
12759,18235
8839,13993
5039,10643,12760,16986
10920,12761
10735,12762,18987
2841,12764,18003
1123,15531,17924
5024,10870
8843,15093
1124,16852
1125,5786
2497,5025,10278,18382
8987,13598,16643
1127,6674
2190,5030,8850,18601
3305,5375,10662,14846,16645
2032,8845,13551,16845
8846,14662
2696,6941,16648
3595,6893,9664,12775,18775
3584,9001,14316,16651
3097,15513,16652
2192,9181,12776,19184
8849,13865
11463,13009,16653
1253,5032,18400
2205,16656
14233,16657
15521,16660
1136,6586
7392,8855,14010
5825,8856
1138,18043
1775,7136,8857,13822,17351
2146,5036
1139,18161
5955,8858
1610,5038
3189,5040
1140,5979,19258
2961,6734,8859,13506
3100,6132,8860
5041,9343
1388,14843,16667
13543,16668
1853,16669
8862,15123
2531,9386,14401,16673
2592,12790,17781
2848,5045
15077,16676
5047,10884,14582
1867,7144,11323,13312,16678
3460,7572,8864,12835,17405
8896,12792,18095
1613,7634,8865,14692,18936
12794,17146
1145,6598,18304
1146,16896
1148,6784
1149,18843
5050,9702,14425
14693,16680
1150,18562
1151,6737,10591,13062
15136,16682
5051,9751,13011
2423,16683
5384,8869,12831
5056,10861,15127
1279,12801,19365
6826,8870
6933,10555,12803
1756,5651,8872,14963
2223,5059,19218
2389,5060,11141
3263,5061
1156,18639
12806,18052
5063,10671,13220
3351,5064
1157,5572
14974,16689
3209,16690
3691,5066
3297,5868,8874,15044,18352
12809,19159
10812,12811
1373,5069
8879,13559
1163,5482
1164,16834
1315,5073
12812,18951
1167,7317
6368,9101,12813
3510,16696
9192,12816
1168,17141
8883,13063,18456
3178,7092,9726,12817,19323
1438,5079,10417,15393,17530
3112,5081,17616
6015,8886,13920
10416,12820
5087,10055,13313
5118,9402,12823,19138
7478,8887
12824,16734
2140,5091,9990,14893,18045
8888,14912,19336
1494,5092,11666,14851,19237
3147,5093
14717,16709
1179,5180,10154,14931,16792
8890,15115,18817
5096,10345
1182,14200,17336
1184,6479,9498,14665,18746
1186,5268,9331
12829,17244
1187,14417,16924
9346,12830
1189,5373
9053,12832,16739
1191,17031
1513,16713
1909,5100,11091
6573,8900
5522,8902,14684
2543,16715
15222,16716
6377,8903
1996,5103
1193,6021
3219,5104,9092,18285
1920,6845,10463,13273,16719
3424,6502,9723,14706,16720
3118,5105,11138,14221,18615
1197,5402,9824,17662
10256,12837,18727
8906,13517,18345
11328,12838,19227
11411,12839,17848
15404,16723
6799,8907,13141,18412
5108,10019
1199,6612
7221,9649,12840
2091,6187,10430,15251,16724
11273,12842,17784
1200,16781
7340,8909
5109,11508
1492,5111
3504,6005,8911
7022,8912
1202,6521,11164,13872
1203,6398,11476
2947,16727
10320,12846,18385
5765,8915
1204,7609,11449
2230,5419,11281,12849
9534,12850
1828,7181,8916,14500,19101
2956,5695,11108,13889,16732
3743,5120,19304
1567,7302,8918,12904
5121,10172
10557,12855,16816
5123,11522
8922,13640
1918,12856,17057
6531,8923
2153,9750,12857,19036
6683,8925
11191,12859
2464,7547,11200,13366,16736
1209,9291,15529,18351
5783,8926
2436,7363,8927
1210,18239
2799,5127,10582,15285,16996
1456,16738
8929,15491
2567,7255,12864,17939
1214,13660,16975
2708,12936,16740
3180,16741
5130,9557
1489,5131
5153,9775,15031,16742
1217,18438
10073,14238,16743
3745,5722,8936,14129
2938,5382,16744
2705,5136,17484
2828,6068,8937,13290,17316
2188,5137,17326
1220,17680
1222,7393,18506
1873,5138
1224,5487,10232,17051
1225,5854,9802,14646
12872,16787
3138,7154,8939,15378,18136
2818,5140,18652
12879,18679
8942,14569
1683,16747
13352,16749
1227,6705,17936
1228,16750
14422,16751
2030,16753
5146,10898
1230,13333,19182
11037,12880
1231,5738,9252,14791,16791
3425,5147,9510,13207,18809
1237,18191
5150,9905
1243,7282,11347,13705,16760
1704,8956,14735,18640
3371,5874,13738,16757
14667,16758
12884,18947
1249,17991
2882,5154,11357,15231,18033
13441,16759
1250,6919
8960,13743
10998,12886
2208,12888,17534
1261,13031,17811
8964,15088
7038,8965,14544
2797,5160,9716
7429,8967
1266,5259
11634,13461,16762
1268,7238,11605,12923,17763
1269,15216,19150
12896,19108
2651,5488,16766
8969,13230
8970,14190
6157,11653,12900
3280,8974,14351,17943
2713,5163
1852,5164,10135,14813,18523
6466,8975,13401,17832
6608,8977
1274,7594,9384,14497
3243,16777
1848,6346,8980,14464,17262
2495,5169,9563,13409,17115
2583,5170,17516
2754,5171
8983,13014
3320,7269,8984,13861,17034
1276,5648,11667,14398,19220
1743,12906,18063
3776,16780
3187,5175,9256,13899
3442,5479,8988,15414,18788
1280,6872
2017,7349,11358,12907,16920
6128,8995
1283,6861
1285,5477
3529,5182,10567,19215
2412,5184,18915
10730,12911
15084,16790
5882,9847,12917,18454
3700,7712,11385,16793
1731,16795
9006,14744,17147
2823,5191,9941,14711,18649
9008,14777,18583
6789,9009
12922,18859
2411,14906,16798
1813,5192,10267
1889,16799
3401,7381,12925,18694
2392,16800
1292,17717
2186,12926,17180
1293,18289
5195,11219,13943
1294,17476
5198,10658,13590
11448,12930
12931,17863
3778,12932,18622
1299,5713,10636,15092,18812
1312,11494,12935,17016
9022,14962
7131,9023
6796,9025
3704,16808
1301,7460,17808
9026,13944
3206,5830,16815
1304,5904,10384,13287
1305,17656
1306,5461
9466,12943
5812,9028
3624,5207,10190
1307,18575
9030,14509
5528,9031,12965
7330,11468,12946,19028
13649,16821
1958,5210
5592,10304,12947
14020,16824
3065,16826
7754,9035
1316,6108
5215,10912
2945,5216
1319,5550
12953,18768
1692,5332,9037,13006
5218,9225
5219,9521
2362,5404,9038,14973
9039,15174
1434,5974,9040,19311
9041,13984
9150,12957
13974,16832
12958,18505
12959,17980
1324,15271,18436
5959,9043,14244
2044,13837,16835
5223,10981,14327
3036,6657,9044,17928
1824,5226,19093
1791,6554,9045,13187,16902
5227,9887
1327,18942
3295,5875,9048,13383,16870
1328,17623
9049,15447
1568,5845,11454,14180,16840
1329,5656
1481,9050,13952,18579
9703,12966
1330,7072,11531,13143,16866
1331,5750
7597,9052,13583
2580,5231
10633,12969
13808,16844
9054,13345
5234,9826
9056,14556,19161
1334,7483
2016,7200,9058
1335,7193,19298
9363,13153,16848
10006,12976,18076
2860,14649,16851
1337,7095,14249,18804
3540,5672,10709,12980
1338,6402,9158
5238,11204
1339,6710
1342,6563,11594,15051
1344,14672,17729
2635,7671,9062,18342
1346,7233
3079,5881,9065,13746,19171
2856,12984,18660
6225,9067
9069,14876
9070,14310
9071,14320,19197
12988,18015
3042,7374,9881,13888,16862
2831,6860,9074,13037,17764
1349,6947,11082,13197,16936
2409,5539,9630,12992,19106
1350,16925
1352,7281,10011,13222,19038
1582,5245,17538
11632,12995
1354,18135
9077,14111
1457,10130,13001,18141
3434,6869,16867
1356,5576
14772,16868
3486,5252,10540,14728,18675
3637,5255,9883,14855,17618
1360,7457,9108,15396,17722
2170,13760,16875
6198,9079
1362,16957
2401,5256
14426,16879
3482,13008,18602
1364,5359,11628,14768,17971
1365,17626
11137,13010
1405,7367,9083
2285,5258,17696
1638,5660,9747,13013,17615
3311,15361,16882
9341,15188,16883
1368,6099,10992,14079
10016,13017
9088,14738
13019,17417
2294,5265,17686
6754,9089
3736,5266
2912,5625,13724,16888
5267,9656
5271,10675,15072
13024,18113
5273,10565,14762
7735,9094
6329,9095
1466,5274
1374,6280
5275,11575
1376,6274
10950,13027
6429,9099
13053,16897
10444,13028
2448,5769,14578,16899
3271,13030,17216
10902,15054,16900
9102,14508
13033,17056
1378,16955
13034,17845
9105,14775
2390,6093,16903
2400,6052,9106
5884,10228,13036
5279,11464,14460
1505,16905
9117,13038,17841
5282,11260,14969
2740,5283,9603,19180
5529,9113,14326
9114,13314
1748,5316,10932,13759,16907
3165,16908
1386,14612,17614
1659,7291,9115,19157
13714,16909
3593,7573,16910
14335,16912
5540,10840,13042
5289,10083
11549,13045
1392,6490,11032
3166,5290
2102,16913
9120,13576
7308,9125
1565,16914
1395,18966
1702,6497,11489,13048,18088
5471,9129
9131,14826
5296,9611
9134,13526
14319,16916
9135,14750
3061,7480,16918
10552,15294,16919
1401,5622
1403,7050,9880,18271
13054,18659
7749,10163,13055,18451
3462,5302
1545,14812,16926
2997,5985,10049,16927
2066,5308,11113
7416,9148
2033,6455,16929
2673,6623,9520,15429,16933
1412,7155,9170
9151,14494,17689
5311,10400
2369,6110,9874,13519,16937
3439,5312,10323,17467
2335,5314
1415,6270
1416,5996
11681,13067,17490
5317,10762
9154,14204
1419,18586
2081,16941
13071,18665
2108,10220,13074,17528
1801,16942
1423,6137,9333,19130
3686,5866,9159
6819,9162
3421,11110,13852,16954
1427,7418,9483,15238,17981
6925,9166,14032
9475,13085
5323,9592
1432,7244,10810
1577,5324,14805,17100
14867,16959
6331,9169,14591
10666,13094,18598
9562,15481,16960
5557,11188,13399,16961
9350,13523,16963
1437,6501
2270,5331,10150,13170
6126,9177
3029,16966
1998,5689,9178,17959
1633,5333,17825
1440,6039,10859,14453,18706
10905,14265,16971
5336,9728
3437,5338,10254,17004
7479,9184,14345
10556,13104,17261
3323,7541,9794,15264,16973
1442,7755
2158,5339,11129,13456,18964
1444,18225
1445,18714
1448,5810
1451,6431,11253
1982,5344
1452,17912
1454,17719
1458,5935
13112,19217
3564,16979
9857,13114
13115,18512
15171,16980
2727,7286,10972,13116
13706,16983
6115,9193,15273
2063,6084,16984
1463,6864,17335
3076,5352,10336,18487
3560,13117,17707
2320,6593,10305,14814,16985
11482,13122
1467,7252
1468,6382
1470,5558
7714,9199,14597,18334
1849,5362
9200,14058
13125,17921
9796,13126
5366,11155,14859
11529,13128
1473,6828,18909
3420,5367
13131,19035
3583,13132,18896
1480,14939,17221
1830,6990,11184,13135
6985,11661,13136
9205,14919
1485,7207,17567
1654,16997
3821,16998
3551,6863,10201,13138,17871
3376,7710,17001
3703,5503,9209
2113,17003
1487,13400,18132
6244,9211
11225,13139
10725,13140
2509,6822,9213
6924,9214,14652,18036
1693,5379,17404
1491,5664
2859,5381,9217
2370,5590,9756,13144,18110
2682,17006
10488,13146
3453,9220,13626,18989
1496,5474
13148,17186
2958,13149,18497
13473,17013
10072,13152
6075,10727,13156
5387,9814
9462,13158
5388,10621
1498,18588
3001,5392,9878,19235
9583,13166,18956
1796,10243,13386,17023
6314,9385,13167
10948,13169
9432,13171
9231,14291
3825,5396,9308
1500,7427,18287
13368,17029
3397,7228,9233
2183,6886,13173,18094
13379,17030
2561,6804,9236
2311,13838,17032
6457,9239,14938
2019,6129,9240,13375,18481
3362,5400,10551,14495,18018
9241,13895,17644
9242,13292
1511,19058
1512,7538
13177,19289
5403,11145,15086
6434,9244
1781,5770,9245
1892,17041
13863,17044
1520,17081
9550,13184
7587,9247
13325,17048
1522,7202
1523,18355
1525,7117,17348
2555,5408
1527,6943,18193
13188,17210
5411,9658
9461,13190
1529,6534,17744
6704,10783,15223,17054
7531,10202,13192
1530,5569
1562,10490,13193,17066
1531,15397,17144
1532,17067
1533,7411,9806,13611,18151
3543,17058
1949,17059
5416,9367
6757,10206,14764,17061
3679,7189,11086,13196
1989,9981,13655,17062
1537,5732,18686
5425,11156
1858,9255,15070,18680
1543,17563
9572,13204
7348,10266,14191,17073
14573,17074
3461,14324,17076
1547,6321,10937,15426,19065
3194,5431
14759,17077
1845,5804,11264,13831,17078
6195,9261
9262,15487
5433,10270
5921,9263
9265,15180
5435,9871
2700,13213,17710
1555,7218,17780
14704,17079
2701,5734,9588,17080
6865,9268
2496,5437
6739,9270,15235
1559,6536,13775,19160
6453,10645,13218,18014
5439,10492
5440,11283
3326,13773,17089
7680,9281
7251,9283,15155
5442,10587,14999
1561,18751
1676,5443
1563,6447,9808
1564,13538,19372
10346,13224,17205
13226,18526
11012,13227
9931,14501,17092
9288,13813,18881
2751,5453,18491
5454,9829
1868,5455,14173,17440
7201,9290,13404
9292,14121
2247,14818,17096
1804,17098
1572,6611
2350,5459,11617,15475,19334
7578,9421,13232
6316,9298
5460,11663
1574,18933
2467,17099
1576,5545
1578,6577,18554
3625,17105
11367,13235
2978,7651,9302,15256,19261
1579,17224
5467,11675
1651,17108
1820,5623,9304,13615,18489
9305,13862
2077,5655,9306
1586,5663
9313,15118
3341,17113
2438,6131,9315,15493,18539
2785,6722,14237,17114
1589,5819
1591,6958,17198
1593,7178,13851,19233
1595,6112
5481,9914
1596,5731,18999
7646,11552,13240,19064
1880,5483
5484,11557
1599,13505,19047
1600,14163,17137
9322,13319
7023,9323,13834
1602,7187,18336
5486,10805
1632,17123
5742,9326
10853,13247
2000,5490
1881,5491,9959,14587,18449
2894,9967,15420,17125
1720,17126
9329,13687
10717,13252
10054,13254
11218,13260
1605,6304,13742,19104
13261,18455
1607,5938,17279
5499,10327
1612,6087
1844,17132
1903,7734,9336,17426
10631,13270
5502,10618
2463,7716,17134
9939,13274
2067,6496,9340,14157
13276,18655
3447,7371,9342
9344,13539
1616,5553,19066
14188,17140
3722,5509,11359
3708,5510,17582
13281,17629
5511,11596,14623
5513,10397,15029,17806
7182,11450,13283
1956,5626,9349
2307,17143
1620,5669,10562,17588
5886,9351
1622,7026
3709,14771,17151
1623,7556,10343
2085,17152
1624,17533
9361,14553
10957,13294
9362,13301,17998
14387,17158
3644,17159
5547,9366
11308,13296,17523
3225,17162
15421,17163
7147,9898,13298
1635,19078
9373,13652,18877
9374,14773
3047,5533
1640,5767,9706
5534,10505
1647,7016,9377,14197,19175
10514,13306
10436,13307
1642,6681
9382,13676
13309,17531
1648,7391,17394
3427,6386,9714,13315,18028
7670,9389
3354,5543
14018,17184
6595,9390
9392,15104
6548,9419,13320
1655,6767,10962,13918
5549,10078
1657,17840
1658,7253
9397,14953
5554,10332,14023
1660,7347
1664,17684
9403,13807,18490
1815,6318,13328,18705
6014,9406
1668,18633
11289,14982,17196
1669,7115,19079
6201,9409
1670,13922,18886
3638,5565,10347
5566,10207,15204
2620,17199
2432,7697,9410
1673,6559,11655,15144
14698,17203
9411,14878,18653
2315,17207
5571,10520
5574,10337
5575,10791
3620,17209
5579,10875
1787,15542,17212
9422,14718
3335,5943,17215
6325,9423
3774,5584
9424,14004
2473,13343,19224
13346,17304
5587,11279
1682,17976
11586,13349
15373,17222
6515,9431
11588,13353,18425
10752,13355,18814
2611,5797,9435,14983
5594,9897
3368,5595
1690,18587
2174,5599
1694,6693,10909,13977,17445
2957,17234
7173,9439
9440,14114,17239
2851,5601
1696,18914
2686,7052,9442,13728,17466
3662,5602,18335
3541,5603,9598
9774,13363
5606,9782
1699,18173
6507,9445,13385,18626
2810,13365,19267
2359,17246
1751,6437,17248
5746,9447
3500,7086,10630,13367,18317
2345,5609,11154,14248,19151
3057,5863,10806,13370,17395
1706,14201,19111
9926,13373
1740,5612
1708,7473
1709,10890,14829,17591
2633,17254
2232,6482,10318,13739,17255
1710,6347
2833,17257
9454,14584
2134,13378,17374
9457,15078
9459,15177
10367,13380,18375
13381,18466
1754,5615
5616,9544
9463,13836,18024
7301,9464,13819
5621,11055
1739,6890,11307,13389,17298
3659,5776,17265
6691,9470
6435,9471
1723,6516,13558,17437
3799,5627
9932,13397
5736,9473
14342,17272
9474,14575
2779,7507,10775,13398,18760
13991,17273
1730,7757,18414
2612,7575,11173,13403,17810
5630,10030
2576,5632
1809,5633,18980
3154,17280
2549,7529,9480,14713,18628
3498,5634,9646
1733,7224
1734,6183,10895,14709
2337,5637,13656,17587
3431,5638,11534,19002
2910,6390,9488
6060,9489
3337,17282
5818,9492,14205
10461,14842,17283
13415,17769
5815,9495
1741,6114
5649,9960
2299,17286
2391,5652
5718,9501
1747,6749,15381,18408
3055,17289
2421,5658,10707
1871,17294
7133,9506
9507,14991,17948
2761,17299
6162,9662,13429
13431,19369
9513,15364
15354,17302
3577,5665,11670,15357,17320
3592,5667
13437,19238
2319,5670
1757,6092,18002
9516,14235,17408
7537,9519,14873
1759,17859
1981,5856,17311
3651,17312
6687,9522
1763,6871
5680,9584
13447,18422
11052,14224,17321
10312,13449,17751
11572,13450
13452,18952
6807,10429,13453
5859,9533
10225,13454,17737
1771,6275
5691,11313,13732
2996,17329
6445,9537,14412
13563,17330
10764,13457
2822,17331
1774,6330
5693,11558,14278
11111,13459
1776,6732,18302
13460,18898
1777,6125
14522,17333
9554,13463
5703,9543
3489,5698,11122
1779,7008,18217
13466,17834
2838,5702
6379,9549
1783,6859
10886,13467
5834,9551
2282,13470,18677
10102,13471
2863,17340
1786,13979,19282
3293,5795,11159,13475,18485
10489,13476
1793,17415
13480,17580
14666,17346
13482,19088
1797,7104
2781,5709,18445
10406,13485,19123
5710,9904
2513,6987,10597,13486,19253
15278,17352
9567,14461
5715,9762
10965,13488,17637
13489,18712
14234,17357
11580,13491
13492,18305
7579,9576,14430
1811,6914,9917
10106,13495
1812,7091,17425
2723,5945,9672,14013,17362
3087,5725,17390
13499,18278
10445,13502
1825,7040,9987,14025,17851
1826,17551
1829,6997
3406,14890,17373
9590,14472
14027,17375
2973,5740
5745,9815
5823,9596
3155,17379
9995,13509,18145
2128,5749,17721
9722,13510
3418,6686,9597,15014
3674,17383
2135,5752,13848,17699
1840,14950,19231
5754,11232
6727,9988,13518
3826,7356,11384,17385
3589,17388
2915,14635,17391
2749,7562,9765,13521,18973
5760,11318
3619,5761,17401
5762,10610,15298
1847,6931
2816,5764,11230
3646,9605,14402,19006
13528,18115
1854,6363,10961,15042,18163
1859,13721,17449
10060,13533
1861,15229,18295
2269,5773
14047,17402
6818,9613
13535,17890
2052,5775
9615,15161
13540,18796
3721,5778,11484
3107,17407
10701,13545
11554,14140,17409
2020,15131,17410
10026,13547
2893,5782
14689,17413
7686,9627
10921,13552
2326,6846,10240,13553
9629,13702
1875,7517,10609,14072,17965
2378,13557,18625
1882,7296,11069
9638,14392
3615,13565,18692
3663,5798,10479
6233,9647
2207,6556,9648
3754,5801,11316
1887,18467
9651,13907,18401
3658,7667,13570,19373
2060,5803,10640
5805,10990
13571,18323
3142,7493,9653,15046,19070
1993,6272,11005,17427
3273,5807,11435,14629,18642
2487,17429
1894,18158
5811,10144
7159,9660
1895,6561
3204,17432
3063,15080,17433
1896,15438,19239
1897,18209
5813,10637,13602
1898,17678
2176,17434
1900,17755
5814,10951,14809
1901,17745
5821,10383
1905,18341
3563,17441
9669,14690
7674,11051,14353,17442
1908,7692,19176
14144,17443
10446,13585
5828,10804,14333
11519,13586
2014,5895,11228,13588
9676,15064
3067,17444
1913,18187
1914,7365,15340,19112
2539,5832
3218,17448
5973,9679
9680,15215
9681,14524,18313
9683,15015,18234
14094,17452
7539,9685
3382,17458
1923,7526,10067
11456,13597
9688,15523
2383,10959,13600,18781
9692,15277
9828,13606
2613,17464
9695,13648
13609,18922
6230,9700
7533,9701
2942,5851
13613,17552
1926,18756
1927,6242
9705,14595
11469,13616
5852,10502
3106,9708,15009,18446
10486,13617
13618,17566
14888,17472
1933,7272
9711,15477
13623,18418
1936,6252
5860,11213
3775,6810,9720
1938,7732,10799
9721,15452,18034
13625,19025
5861,10746
2560,7503,17475
2844,7102,17481
5869,10596
5871,11371,14471
7362,9730
1946,6164,18923
9731,14451
5876,11297,15544,18845
6385,9735
2414,17486
5878,10699
2636,6773,10257,13637,19268
3059,5883
13641,18404
2459,5885
13644,19020
2342,5888
9744,14624
2949,5889,19212
10654,13645
2482,5890,9893
5891,10949
2450,5893
2329,17494
1962,17927
9942,14848,17495
3814,5896,10408
1965,5918,11120,18046
1967,7394
7009,11406,13654
7227,9749
5900,10487
14976,17500
1974,19069
6663,9758
1975,6276,18263
1976,6155,10576
1978,7549
1979,18178
2765,17505
5908,10398
3502,15510,17508
9764,14821
13663,19331
1983,6220
2667,5915
2944,6920,9768
3416,5916
5920,10664
1997,17520
2249,7698,15260,17521
1992,18359
2481,5927,18204
2932,13677,18129
6765,9778
1999,6107
5931,10002
15109,17527
2204,6194,13682,19330
2126,13684,17931
5937,10871
7486,10127,14517,17532
2010,7474,10509,14615,18376
2646,13691,19163
5946,11276
2012,5963,10922,14644,19196
5948,11383,14338
2231,5950
11379,13695
3005,17545
14604,17546
2637,7061,11446,13699,17879
2018,7654,10793
9800,14408
11546,15482,17549
2021,6738
2024,6213
5957,10876
3053,17553
9804,14211,18038
2027,18172
2577,5961
9809,14502
2967,5964,15151,18296
10462,13718,17624
13720,18690
5968,11245
2034,19125
5972,10696
6122,9813
3480,13776,17564
3628,5976,14214,19310
6742,9816
10458,13723
9817,14355
9818,14970
3573,13726,17978
6243,9819
9820,15427
6082,9821
10295,13744,17570
13729,18685
2042,6512,10544,15200
5986,10107
3719,17573
5988,10160
10069,13737
3483,5992
10422,13745
13750,19026
2933,6002
7053,11132,13754
3582,6003
11565,13757
2656,13758,18108
3336,7440,9835,14616,19354
3706,6006
6417,10038,13762
14384,17594
7174,9840
2071,7658,14600,18753
13839,17596
9843,14780,18789
6013,10866
2093,6017
9846,14269
2073,18545
7020,10229,13969,17599
6018,10524
3077,6019
2729,6020,15212,17904
2078,19084
14123,17602
2083,6454,17874
14385,17604
2582,6820,17606
2086,7177
2288,6397,9855,14382,18684
2088,6034
15497,17607
14887,17608
2090,6944
2092,18252
2488,6027
9866,14703
2099,7045
3752,6033
2923,6035,11523
2100,18013
7659,9877,15476
2943,6037,10410
3731,6038,11149,15473,18651
6040,11439,13898
3576,6041,19296
2106,7220
13789,18393
7415,9885
11152,13792,17967
14124,17635
7077,9891
6590,11116,13797,17679
6998,10062,13801
10830,13803,18281
2124,7470
2130,19137
3402,6061,10732
13812,19247
13814,18208
2692,6147,11170,13816,18103
9908,13985
3210,6633,10683,13817,18213
14344,17657
2137,6833
13820,19179
6067,11172
2138,7690
2873,6070,10969,14971,18555
2143,19346
14917,17663
6072,11148
2144,10780,15458,17855
2825,6073
2145,14849,18258
6614,9919,14406
9920,15345
9921,14281
11582,14748,17666
9925,15165
7277,9927
6077,10585
3190,6078
2771,17671
10918,13833
2163,15465,17675
2151,14653,19207
2152,18716
6090,9966
13841,19055
7723,9938
2237,14391,17683
13850,19248
6102,10126
9944,14303
13853,18573
3333,17691
2544,6104,17809
6105,11499
2175,18780
6111,10326
10913,13860,19273
2178,7702
2377,6113,18813
10034,14059,17701
7090,9951
6672,9952,15536
3623,17702
3000,7329,17704
3511,6117
3514,17706
2444,14929,17709
11033,13874
13876,18895
9965,14535
2193,6547,14960,18384
3093,17715
2195,7619
2562,7375,17718
2197,15085,18739
3746,13881,17791
2200,18852
2679,6423,17724
14655,17728
11153,13886
2209,14161,19324
3426,17730
14531,17731
6793,11487,13893,18240
2211,19164
2213,6527
2214,7617
2218,6797
14937,17741
2769,6139,18420
9989,14979,19134
2222,19011
2224,18106
2225,18741
3170,7222,9992,14100,18673
6146,10310
13968,17747
2226,6151,10047
13909,18297
2802,6152
7058,9999
7346,10003
6156,11250
10004,14538
6879,10649,15228,17757
10742,13915
6163,10399,14547
2243,7300,18793
2246,6173
6165,10816,15022
10013,15247
2251,6508
10015,15175
6171,10033
7708,10020,15097
3115,6175
3813,17775
7410,11023,13931
2407,17776
6181,10580,14218
3120,6182,19317
11525,13937
2927,14557,17785
2262,7468
11339,15202,17787
7271,10037
2264,17926
2807,6438,11317,13950
6193,10168
10917,15122,17792
2278,15334,18863
6200,10162
2280,18311
10369,13954
2283,6962
11342,13955
2437,17798
3109,17800
11293,13959
2291,7073
6206,10352
13960,18388
3220,7613,10056
2980,6207,18137
6210,11566
3499,6212,11177,15367,18785
10066,15307
7170,10759,13973
6352,10469,13975,18321
3556,6215
10070,15224
7148,10071
11573,13978
2309,18657
2312,18465
2313,6730,10392,19221
11651,13983
13988,18429
10077,14328
14576,17819
7737,10080,14996
6223,10757
2465,6224,11442
10409,13990
3004,6229,18025
13997,19274
7585,10088,14621
10089,14428
2330,6567
2332,7477
7295,10100
14012,19174
3350,15089,17847
11518,14017
14019,19269
6599,10108
6246,11015
14614,17853
2745,6249,10438
6250,10588
6333,10111
11075,14026
6257,10151
3694,17861
2344,7188
2346,6901,18254
2348,17960
14039,19073
7422,10132
10133,14137,18364
3391,6264,10756,15306
3512,6266
11043,14042
2354,17962
7152,10138
6334,10139
2356,6476,11512
2615,6268
10140,15463
2934,6370,17872
3258,7428,10145,15024
14048,19321
14057,18051
2367,7162,18331
2707,6278
6279,10156
14060,18073
2371,6880
2373,7364,10619,18207
10159,14276,19366
3705,14083,17880
10979,14068
14071,18419
14075,18521
6293,11008
2387,18883
10171,15303
14082,19262
15129,17899
14087,18847
3251,6715,10175
6851,10176
6303,10501
10181,14479
7426,10186
6311,11142
6555,10188
2404,18290
7366,10261,14099
10192,15132
11668,14102,17934
10198,14952,19344
10199,14158
3693,6324,10246,19077
2732,14106,18553
10437,14108
14109,19186
2416,7042,11004
3412,6539,17916
2419,7108
6339,11036,14695
14118,18032
3256,6341
6342,11248
2427,7693
6349,10665
10215,14220
7570,10216
6550,10219
2796,6948,10221
7553,10224
14126,18055
2434,19245
7230,10578,14130,19326
6361,10564
10797,14134
14138,18220
3812,14139,18974
6762,10242
2449,6528
2455,17940
3045,14496,17942
2453,6651,11306
10669,14151
10250,15451
6376,10958
3290,6378
14154,19301
11291,14160
3629,7431,15148,17953
14998,17956
10956,14171
15537,17961
2472,6470,10628
2857,11390,14176,19059
3763,6389,18365
2746,17975
11007,14189
10289,14263
7753,10294
2494,14505,18325
3132,7294,10301
14554,17983
10302,15295,18261
3216,17984
2601,6403
14358,17986
10947,14202,18138
2498,6581
6408,11071
10313,14803
2506,6755,18531
6656,10316
3768,18009
10584,14219
10896,15503,18020
3244,14223,19149
2522,6812,11238
6427,10442
10860,14226
3466,15213,18030
10342,14536
2817,7120,11254,14230,19281
2850,18035
2528,18450
6430,10632,15328
6432,10843,14921
2529,6488
3145,6433,10822,18197
6728,11571,14236
6436,11377
2532,7614
3193,6542,10354
3818,18048
7125,10356,14298
6441,11613
10358,15040
7321,10359
2537,6708,18606
2542,6910,10733,15152,19189
2921,6450
2986,18062
11561,14252
10374,15359
6883,10375
15186,18067
2697,6452,14733,18643
10382,15407,18155
3139,6459
11641,14262
2552,6695
6471,11062
3465,6472
2775,6474
2559,18619
3786,7209,18089
3130,6891,18090
10393,14457
10698,14279
6484,11402,14669
2569,7273
10882,14282
2571,7323
3150,14288,19327
15522,18101
6491,11644
7678,10404
6498,10904
3545,18109
10778,14296,18995
2595,7101
2776,6509
10414,14311
6511,10481
15181,18117
11268,14305,18840
11466,14306
10424,14527
10983,14309
2677,6520
2668,15090,18127
14315,18750
3639,18128
6524,11590
2803,6526
10598,14511,18133
2936,15242,18134
3824,7642,10441,14420
6540,11171
2623,18324
2625,6717
10447,14916
11284,14337,18520
3223,18156
3730,6557,10511
3550,6558
2643,15318,18366
15249,18171
7293,10465
10467,14427
10472,14968
3358,6584
6588,10616
3215,18185
3303,6591
15360,18195
2662,7260
2664,19295
14379,18722
2671,7466,18349
10500,15344,18979
6602,10537
6718,10503
7748,10504
6635,10510
11680,14404
14409,18320
14448,18219
14410,18772
2699,7033
14423,18284
15333,18238
10526,15037
10527,15284
6626,11066
11016,14429
10531,14719
2711,6959
11491,14435
2716,6904
2725,6733
6909,10550,14572
2726,7089
2840,6643
10560,15189
3816,6647,19128
10566,15025,18988
3247,18279
10569,14835
2739,18982
14455,18754
10575,14558
6658,10852
11626,15422,18291
6660,11243
10738,14465
10600,14468
2757,18471
2758,18738
10601,14992
3496,18315
10603,14640
3724,6675
11432,14637,18318
2929,18319
6679,11387,14975
14745,18322
2874,6680
15221,18327
2774,14787,18565
2777,7703,14834,18535
10627,14619
10629,14657
14874,18344
2782,18850
2784,7662
2791,7514
2793,18458
2801,18641
6716,10659
6935,10653
10857,14530
2815,7307
2904,18378
6735,11434
2820,18930
11139,14551,19156
7034,10680,14729
15030,18392
2982,6743
2827,18568
3729,6751
3110,7288,18403
10693,15178
7561,10697
6999,10987,14570
3169,15480,18409
2839,19153
3477,6768,11167
6888,10705
10706,14746
2849,7384
10715,15156
2858,7601
11480,14598
3602,6792
3230,6795
14606,19087
14688,18434
2868,18819
2872,18977
14622,18495
7165,10737
15018,18453
11246,14633
2890,18953
10749,15157
2891,19250
14716,18460
10754,15101
3756,6827
2901,7032,11255
11070,14639
3092,18468
3773,18470
6834,11076
10946,14650,19194
3777,15052,18482
3534,6839,19228
3035,6847
11025,14658
10788,14734
7057,10789
10795,15515
2941,7720
3264,7248,10832,14897,18502
11509,14671
2948,18899
2950,18965
11510,14674
15069,18504
11619,14678
14679,18717
3780,18514
14686,18533
2985,7652,11123
3056,6895
10978,14699
3558,18542
15430,18544
3714,6905
7729,10827
6906,11084
2994,18672
3650,18551
6912,11257
14721,19080
3008,6934
6918,11060
3661,18564
3010,18671
6929,11221
3122,18574
11676,15505,18576
10847,15516
3432,6936
11654,14747
7129,10865
6957,11046
3041,7530
10881,15320
3048,18960
14774,18983
10892,15374
7342,10900,15403
14782,19252
11035,14796
3089,18917
10938,15027,18878
7024,11102
7027,10960
3565,18666
7485,10940
3104,19328
3113,7257
10953,15106
7706,10955
14832,19343
3183,7060
7656,10966
15276,18688
3205,7062
14847,18816
3137,7666,11109
7402,10974,15176,19342
3800,18696
10995,15444
15380,18709
3464,7080
3375,7084
11320,14872
15411,18719
15274,18728
11020,15499
11022,15483
3342,18734
7111,11217
3713,7213,11040
3750,7236,18743
14903,19115
14905,19061
7482,11050
3533,7128,11056
15305,18762
11059,15280
7264,11065
14918,18981
11428,14924
3226,7687
7554,11088
3793,18794
3261,7166
11682,14948
3246,18912
7590,11114,15190
14954,19374
3253,7198,19107
7183,11349
3539,7204
3384,18824
11436,15192,18830
11673,15062,18832
14988,19192
3515,18867
11195,15005,19133
11527,15012
3631,7262
11185,15099
15020,19168
7274,11394
7325,11203
7450,11209
3352,19040
15043,18937
7292,11438
7298,11600
3364,7455
7314,11678,15350
11612,15082
7353,11504
15100,19063
7359,11300
3441,7376
7369,11515
3562,18971
3449,19256
3452,7540
7382,11542
7385,11461
3516,19009
3526,15232,19012
7405,11365
15160,19043
15368,19018
3503,7643
7571,11370
3581,19052
3735,7449
3524,19206
7456,11585
11453,15233
15240,19167
7559,11395
11485,15267
11437,15399
3605,19277
15442,19155
15446,19172
3643,7718
3654,19371
3702,7605
3675,19308
7759,11648
